{
    "sfm_data_version": "0.3",
    "root_path": "/home/hpc/StructureFromMotion/OpenMVG_OpenMVS/Comparing/image/carpet/vertical/left",
    "views": [
        {
            "key": 0,
            "value": {
                "polymorphic_id": 1073741824,
                "ptr_wrapper": {
                    "id": 2147483649,
                    "data": {
                        "local_path": "",
                        "filename": "ToolBlack1.jpg",
                        "width": 1920,
                        "height": 1080,
                        "id_view": 0,
                        "id_intrinsic": 0,
                        "id_pose": 0
                    }
                }
            }
        },
        {
            "key": 1,
            "value": {
                "polymorphic_id": 1073741824,
                "ptr_wrapper": {
                    "id": 2147483650,
                    "data": {
                        "local_path": "",
                        "filename": "ToolBlack10.jpg",
                        "width": 1920,
                        "height": 1080,
                        "id_view": 1,
                        "id_intrinsic": 0,
                        "id_pose": 1
                    }
                }
            }
        },
        {
            "key": 2,
            "value": {
                "polymorphic_id": 1073741824,
                "ptr_wrapper": {
                    "id": 2147483651,
                    "data": {
                        "local_path": "",
                        "filename": "ToolBlack11.jpg",
                        "width": 1920,
                        "height": 1080,
                        "id_view": 2,
                        "id_intrinsic": 0,
                        "id_pose": 2
                    }
                }
            }
        },
        {
            "key": 3,
            "value": {
                "polymorphic_id": 1073741824,
                "ptr_wrapper": {
                    "id": 2147483652,
                    "data": {
                        "local_path": "",
                        "filename": "ToolBlack12.jpg",
                        "width": 1920,
                        "height": 1080,
                        "id_view": 3,
                        "id_intrinsic": 0,
                        "id_pose": 3
                    }
                }
            }
        },
        {
            "key": 4,
            "value": {
                "polymorphic_id": 1073741824,
                "ptr_wrapper": {
                    "id": 2147483653,
                    "data": {
                        "local_path": "",
                        "filename": "ToolBlack13.jpg",
                        "width": 1920,
                        "height": 1080,
                        "id_view": 4,
                        "id_intrinsic": 0,
                        "id_pose": 4
                    }
                }
            }
        },
        {
            "key": 5,
            "value": {
                "polymorphic_id": 1073741824,
                "ptr_wrapper": {
                    "id": 2147483654,
                    "data": {
                        "local_path": "",
                        "filename": "ToolBlack14.jpg",
                        "width": 1920,
                        "height": 1080,
                        "id_view": 5,
                        "id_intrinsic": 0,
                        "id_pose": 5
                    }
                }
            }
        },
        {
            "key": 6,
            "value": {
                "polymorphic_id": 1073741824,
                "ptr_wrapper": {
                    "id": 2147483655,
                    "data": {
                        "local_path": "",
                        "filename": "ToolBlack15.jpg",
                        "width": 1920,
                        "height": 1080,
                        "id_view": 6,
                        "id_intrinsic": 0,
                        "id_pose": 6
                    }
                }
            }
        },
        {
            "key": 7,
            "value": {
                "polymorphic_id": 1073741824,
                "ptr_wrapper": {
                    "id": 2147483656,
                    "data": {
                        "local_path": "",
                        "filename": "ToolBlack16.jpg",
                        "width": 1920,
                        "height": 1080,
                        "id_view": 7,
                        "id_intrinsic": 0,
                        "id_pose": 7
                    }
                }
            }
        },
        {
            "key": 8,
            "value": {
                "polymorphic_id": 1073741824,
                "ptr_wrapper": {
                    "id": 2147483657,
                    "data": {
                        "local_path": "",
                        "filename": "ToolBlack17.jpg",
                        "width": 1920,
                        "height": 1080,
                        "id_view": 8,
                        "id_intrinsic": 0,
                        "id_pose": 8
                    }
                }
            }
        },
        {
            "key": 9,
            "value": {
                "polymorphic_id": 1073741824,
                "ptr_wrapper": {
                    "id": 2147483658,
                    "data": {
                        "local_path": "",
                        "filename": "ToolBlack18.jpg",
                        "width": 1920,
                        "height": 1080,
                        "id_view": 9,
                        "id_intrinsic": 0,
                        "id_pose": 9
                    }
                }
            }
        },
        {
            "key": 10,
            "value": {
                "polymorphic_id": 1073741824,
                "ptr_wrapper": {
                    "id": 2147483659,
                    "data": {
                        "local_path": "",
                        "filename": "ToolBlack19.jpg",
                        "width": 1920,
                        "height": 1080,
                        "id_view": 10,
                        "id_intrinsic": 0,
                        "id_pose": 10
                    }
                }
            }
        },
        {
            "key": 11,
            "value": {
                "polymorphic_id": 1073741824,
                "ptr_wrapper": {
                    "id": 2147483660,
                    "data": {
                        "local_path": "",
                        "filename": "ToolBlack2.jpg",
                        "width": 1920,
                        "height": 1080,
                        "id_view": 11,
                        "id_intrinsic": 0,
                        "id_pose": 11
                    }
                }
            }
        },
        {
            "key": 12,
            "value": {
                "polymorphic_id": 1073741824,
                "ptr_wrapper": {
                    "id": 2147483661,
                    "data": {
                        "local_path": "",
                        "filename": "ToolBlack20.jpg",
                        "width": 1920,
                        "height": 1080,
                        "id_view": 12,
                        "id_intrinsic": 0,
                        "id_pose": 12
                    }
                }
            }
        },
        {
            "key": 13,
            "value": {
                "polymorphic_id": 1073741824,
                "ptr_wrapper": {
                    "id": 2147483662,
                    "data": {
                        "local_path": "",
                        "filename": "ToolBlack21.jpg",
                        "width": 1920,
                        "height": 1080,
                        "id_view": 13,
                        "id_intrinsic": 0,
                        "id_pose": 13
                    }
                }
            }
        },
        {
            "key": 14,
            "value": {
                "polymorphic_id": 1073741824,
                "ptr_wrapper": {
                    "id": 2147483663,
                    "data": {
                        "local_path": "",
                        "filename": "ToolBlack22.jpg",
                        "width": 1920,
                        "height": 1080,
                        "id_view": 14,
                        "id_intrinsic": 0,
                        "id_pose": 14
                    }
                }
            }
        },
        {
            "key": 15,
            "value": {
                "polymorphic_id": 1073741824,
                "ptr_wrapper": {
                    "id": 2147483664,
                    "data": {
                        "local_path": "",
                        "filename": "ToolBlack23.jpg",
                        "width": 1920,
                        "height": 1080,
                        "id_view": 15,
                        "id_intrinsic": 0,
                        "id_pose": 15
                    }
                }
            }
        },
        {
            "key": 16,
            "value": {
                "polymorphic_id": 1073741824,
                "ptr_wrapper": {
                    "id": 2147483665,
                    "data": {
                        "local_path": "",
                        "filename": "ToolBlack24.jpg",
                        "width": 1920,
                        "height": 1080,
                        "id_view": 16,
                        "id_intrinsic": 0,
                        "id_pose": 16
                    }
                }
            }
        },
        {
            "key": 17,
            "value": {
                "polymorphic_id": 1073741824,
                "ptr_wrapper": {
                    "id": 2147483666,
                    "data": {
                        "local_path": "",
                        "filename": "ToolBlack25.jpg",
                        "width": 1920,
                        "height": 1080,
                        "id_view": 17,
                        "id_intrinsic": 0,
                        "id_pose": 17
                    }
                }
            }
        },
        {
            "key": 18,
            "value": {
                "polymorphic_id": 1073741824,
                "ptr_wrapper": {
                    "id": 2147483667,
                    "data": {
                        "local_path": "",
                        "filename": "ToolBlack26.jpg",
                        "width": 1920,
                        "height": 1080,
                        "id_view": 18,
                        "id_intrinsic": 0,
                        "id_pose": 18
                    }
                }
            }
        },
        {
            "key": 19,
            "value": {
                "polymorphic_id": 1073741824,
                "ptr_wrapper": {
                    "id": 2147483668,
                    "data": {
                        "local_path": "",
                        "filename": "ToolBlack27.jpg",
                        "width": 1920,
                        "height": 1080,
                        "id_view": 19,
                        "id_intrinsic": 0,
                        "id_pose": 19
                    }
                }
            }
        },
        {
            "key": 20,
            "value": {
                "polymorphic_id": 1073741824,
                "ptr_wrapper": {
                    "id": 2147483669,
                    "data": {
                        "local_path": "",
                        "filename": "ToolBlack28.jpg",
                        "width": 1920,
                        "height": 1080,
                        "id_view": 20,
                        "id_intrinsic": 0,
                        "id_pose": 20
                    }
                }
            }
        },
        {
            "key": 21,
            "value": {
                "polymorphic_id": 1073741824,
                "ptr_wrapper": {
                    "id": 2147483670,
                    "data": {
                        "local_path": "",
                        "filename": "ToolBlack29.jpg",
                        "width": 1920,
                        "height": 1080,
                        "id_view": 21,
                        "id_intrinsic": 0,
                        "id_pose": 21
                    }
                }
            }
        },
        {
            "key": 22,
            "value": {
                "polymorphic_id": 1073741824,
                "ptr_wrapper": {
                    "id": 2147483671,
                    "data": {
                        "local_path": "",
                        "filename": "ToolBlack3.jpg",
                        "width": 1920,
                        "height": 1080,
                        "id_view": 22,
                        "id_intrinsic": 0,
                        "id_pose": 22
                    }
                }
            }
        },
        {
            "key": 23,
            "value": {
                "polymorphic_id": 1073741824,
                "ptr_wrapper": {
                    "id": 2147483672,
                    "data": {
                        "local_path": "",
                        "filename": "ToolBlack30.jpg",
                        "width": 1920,
                        "height": 1080,
                        "id_view": 23,
                        "id_intrinsic": 0,
                        "id_pose": 23
                    }
                }
            }
        },
        {
            "key": 24,
            "value": {
                "polymorphic_id": 1073741824,
                "ptr_wrapper": {
                    "id": 2147483673,
                    "data": {
                        "local_path": "",
                        "filename": "ToolBlack31.jpg",
                        "width": 1920,
                        "height": 1080,
                        "id_view": 24,
                        "id_intrinsic": 0,
                        "id_pose": 24
                    }
                }
            }
        },
        {
            "key": 25,
            "value": {
                "polymorphic_id": 1073741824,
                "ptr_wrapper": {
                    "id": 2147483674,
                    "data": {
                        "local_path": "",
                        "filename": "ToolBlack32.jpg",
                        "width": 1920,
                        "height": 1080,
                        "id_view": 25,
                        "id_intrinsic": 0,
                        "id_pose": 25
                    }
                }
            }
        },
        {
            "key": 26,
            "value": {
                "polymorphic_id": 1073741824,
                "ptr_wrapper": {
                    "id": 2147483675,
                    "data": {
                        "local_path": "",
                        "filename": "ToolBlack33.jpg",
                        "width": 1920,
                        "height": 1080,
                        "id_view": 26,
                        "id_intrinsic": 0,
                        "id_pose": 26
                    }
                }
            }
        },
        {
            "key": 27,
            "value": {
                "polymorphic_id": 1073741824,
                "ptr_wrapper": {
                    "id": 2147483676,
                    "data": {
                        "local_path": "",
                        "filename": "ToolBlack34.jpg",
                        "width": 1920,
                        "height": 1080,
                        "id_view": 27,
                        "id_intrinsic": 0,
                        "id_pose": 27
                    }
                }
            }
        },
        {
            "key": 28,
            "value": {
                "polymorphic_id": 1073741824,
                "ptr_wrapper": {
                    "id": 2147483677,
                    "data": {
                        "local_path": "",
                        "filename": "ToolBlack35.jpg",
                        "width": 1920,
                        "height": 1080,
                        "id_view": 28,
                        "id_intrinsic": 0,
                        "id_pose": 28
                    }
                }
            }
        },
        {
            "key": 29,
            "value": {
                "polymorphic_id": 1073741824,
                "ptr_wrapper": {
                    "id": 2147483678,
                    "data": {
                        "local_path": "",
                        "filename": "ToolBlack36.jpg",
                        "width": 1920,
                        "height": 1080,
                        "id_view": 29,
                        "id_intrinsic": 0,
                        "id_pose": 29
                    }
                }
            }
        },
        {
            "key": 30,
            "value": {
                "polymorphic_id": 1073741824,
                "ptr_wrapper": {
                    "id": 2147483679,
                    "data": {
                        "local_path": "",
                        "filename": "ToolBlack37.jpg",
                        "width": 1920,
                        "height": 1080,
                        "id_view": 30,
                        "id_intrinsic": 0,
                        "id_pose": 30
                    }
                }
            }
        },
        {
            "key": 31,
            "value": {
                "polymorphic_id": 1073741824,
                "ptr_wrapper": {
                    "id": 2147483680,
                    "data": {
                        "local_path": "",
                        "filename": "ToolBlack38.jpg",
                        "width": 1920,
                        "height": 1080,
                        "id_view": 31,
                        "id_intrinsic": 0,
                        "id_pose": 31
                    }
                }
            }
        },
        {
            "key": 32,
            "value": {
                "polymorphic_id": 1073741824,
                "ptr_wrapper": {
                    "id": 2147483681,
                    "data": {
                        "local_path": "",
                        "filename": "ToolBlack39.jpg",
                        "width": 1920,
                        "height": 1080,
                        "id_view": 32,
                        "id_intrinsic": 0,
                        "id_pose": 32
                    }
                }
            }
        },
        {
            "key": 33,
            "value": {
                "polymorphic_id": 1073741824,
                "ptr_wrapper": {
                    "id": 2147483682,
                    "data": {
                        "local_path": "",
                        "filename": "ToolBlack4.jpg",
                        "width": 1920,
                        "height": 1080,
                        "id_view": 33,
                        "id_intrinsic": 0,
                        "id_pose": 33
                    }
                }
            }
        },
        {
            "key": 34,
            "value": {
                "polymorphic_id": 1073741824,
                "ptr_wrapper": {
                    "id": 2147483683,
                    "data": {
                        "local_path": "",
                        "filename": "ToolBlack40.jpg",
                        "width": 1920,
                        "height": 1080,
                        "id_view": 34,
                        "id_intrinsic": 0,
                        "id_pose": 34
                    }
                }
            }
        },
        {
            "key": 35,
            "value": {
                "polymorphic_id": 1073741824,
                "ptr_wrapper": {
                    "id": 2147483684,
                    "data": {
                        "local_path": "",
                        "filename": "ToolBlack41.jpg",
                        "width": 1920,
                        "height": 1080,
                        "id_view": 35,
                        "id_intrinsic": 0,
                        "id_pose": 35
                    }
                }
            }
        },
        {
            "key": 36,
            "value": {
                "polymorphic_id": 1073741824,
                "ptr_wrapper": {
                    "id": 2147483685,
                    "data": {
                        "local_path": "",
                        "filename": "ToolBlack42.jpg",
                        "width": 1920,
                        "height": 1080,
                        "id_view": 36,
                        "id_intrinsic": 0,
                        "id_pose": 36
                    }
                }
            }
        },
        {
            "key": 37,
            "value": {
                "polymorphic_id": 1073741824,
                "ptr_wrapper": {
                    "id": 2147483686,
                    "data": {
                        "local_path": "",
                        "filename": "ToolBlack5.jpg",
                        "width": 1920,
                        "height": 1080,
                        "id_view": 37,
                        "id_intrinsic": 0,
                        "id_pose": 37
                    }
                }
            }
        },
        {
            "key": 38,
            "value": {
                "polymorphic_id": 1073741824,
                "ptr_wrapper": {
                    "id": 2147483687,
                    "data": {
                        "local_path": "",
                        "filename": "ToolBlack6.jpg",
                        "width": 1920,
                        "height": 1080,
                        "id_view": 38,
                        "id_intrinsic": 0,
                        "id_pose": 38
                    }
                }
            }
        },
        {
            "key": 39,
            "value": {
                "polymorphic_id": 1073741824,
                "ptr_wrapper": {
                    "id": 2147483688,
                    "data": {
                        "local_path": "",
                        "filename": "ToolBlack7.jpg",
                        "width": 1920,
                        "height": 1080,
                        "id_view": 39,
                        "id_intrinsic": 0,
                        "id_pose": 39
                    }
                }
            }
        },
        {
            "key": 40,
            "value": {
                "polymorphic_id": 1073741824,
                "ptr_wrapper": {
                    "id": 2147483689,
                    "data": {
                        "local_path": "",
                        "filename": "ToolBlack8.jpg",
                        "width": 1920,
                        "height": 1080,
                        "id_view": 40,
                        "id_intrinsic": 0,
                        "id_pose": 40
                    }
                }
            }
        },
        {
            "key": 41,
            "value": {
                "polymorphic_id": 1073741824,
                "ptr_wrapper": {
                    "id": 2147483690,
                    "data": {
                        "local_path": "",
                        "filename": "ToolBlack9.jpg",
                        "width": 1920,
                        "height": 1080,
                        "id_view": 41,
                        "id_intrinsic": 0,
                        "id_pose": 41
                    }
                }
            }
        }
    ],
    "intrinsics": [],
    "extrinsics": [
        {
            "key": 0,
            "value": {
                "rotation": [
                    [
                        0.9862148015520157,
                        -0.04512388009840605,
                        0.15919862010891645
                    ],
                    [
                        0.03731191346575927,
                        0.9979641316015028,
                        0.051724396085234648
                    ],
                    [
                        -0.1612085181162649,
                        -0.04507135988322539,
                        0.9858906563128767
                    ]
                ],
                "center": [
                    0.6164301765222001,
                    0.043357500090849109,
                    -0.014788286740647649
                ]
            }
        },
        {
            "key": 1,
            "value": {
                "rotation": [
                    [
                        0.8845052747121641,
                        0.2909783547374163,
                        -0.3646669934072257
                    ],
                    [
                        -0.37826482887676629,
                        0.9048161955296634,
                        -0.19550798332051989
                    ],
                    [
                        0.2730680102853317,
                        0.3108685403535267,
                        0.9103815751525719
                    ]
                ],
                "center": [
                    -1.433504315690468,
                    -0.5323569014929428,
                    0.1263167953620262
                ]
            }
        },
        {
            "key": 2,
            "value": {
                "rotation": [
                    [
                        0.8239920741337452,
                        0.35008781131540175,
                        -0.44550598888585138
                    ],
                    [
                        -0.4608857662113624,
                        0.8714891119323359,
                        -0.16760381346244486
                    ],
                    [
                        0.3295775663914855,
                        0.34343158292705158,
                        0.8794506100854589
                    ]
                ],
                "center": [
                    -1.622966269715157,
                    -0.7101826769244983,
                    0.21136147818660815
                ]
            }
        },
        {
            "key": 3,
            "value": {
                "rotation": [
                    [
                        0.7086987667061571,
                        0.350014959454733,
                        -0.6125647608433523
                    ],
                    [
                        -0.5649834300416586,
                        0.8015733583124931,
                        -0.19563710032096097
                    ],
                    [
                        0.42253968079641249,
                        0.4847367114233593,
                        0.7658267028192035
                    ]
                ],
                "center": [
                    -2.034553313947334,
                    -1.1498412713987947,
                    0.6835627083128949
                ]
            }
        },
        {
            "key": 4,
            "value": {
                "rotation": [
                    [
                        0.680645053893099,
                        0.39121132302431096,
                        -0.6194158630100044
                    ],
                    [
                        -0.5969887625588848,
                        0.7862503501399323,
                        -0.15942021290678688
                    ],
                    [
                        0.4246489467657628,
                        0.47829288897327557,
                        0.7687061755757698
                    ]
                ],
                "center": [
                    -2.1818623320618979,
                    -1.027676534460072,
                    0.4354747943623832
                ]
            }
        },
        {
            "key": 5,
            "value": {
                "rotation": [
                    [
                        0.6037092282068709,
                        0.43257787084219675,
                        -0.669635388428282
                    ],
                    [
                        -0.6337391321139665,
                        0.7700058099453339,
                        -0.07393081277699426
                    ],
                    [
                        0.4836423060540722,
                        0.4690068638176441,
                        0.7390011376761452
                    ]
                ],
                "center": [
                    -2.3159932038110364,
                    -1.1017555839191953,
                    0.316649387554293
                ]
            }
        },
        {
            "key": 6,
            "value": {
                "rotation": [
                    [
                        0.650301076869932,
                        0.4171584386562264,
                        -0.6348916021493011
                    ],
                    [
                        -0.6002557039328029,
                        0.7943991015570106,
                        -0.09286095703550505
                    ],
                    [
                        0.4656195864844415,
                        0.4414848859285151,
                        0.7670003234541325
                    ]
                ],
                "center": [
                    -2.249597496743726,
                    -0.9995167718651363,
                    0.23376190029071718
                ]
            }
        },
        {
            "key": 7,
            "value": {
                "rotation": [
                    [
                        0.638386961175974,
                        0.3979381778273099,
                        -0.6588681919989655
                    ],
                    [
                        -0.5988808844404981,
                        0.7945201672185378,
                        -0.10039616593672005
                    ],
                    [
                        0.4835325987482871,
                        0.45867516884011397,
                        0.7455288830335287
                    ]
                ],
                "center": [
                    -1.9848619734572875,
                    -1.021798521385027,
                    0.4362286551591993
                ]
            }
        },
        {
            "key": 8,
            "value": {
                "rotation": [
                    [
                        0.8749600914981671,
                        0.2937285510783824,
                        -0.384926456049611
                    ],
                    [
                        -0.385924976957713,
                        0.9031609617714596,
                        -0.18804836955485916
                    ],
                    [
                        0.2924153731350451,
                        0.313087552313161,
                        0.9035869820558761
                    ]
                ],
                "center": [
                    -1.6170013278557459,
                    -0.7169208416922709,
                    0.32204762241021
                ]
            }
        },
        {
            "key": 9,
            "value": {
                "rotation": [
                    [
                        0.8806796981338253,
                        0.2632700473888341,
                        -0.39381740876045026
                    ],
                    [
                        -0.35558373990004135,
                        0.9166791756294683,
                        -0.18237185332714613
                    ],
                    [
                        0.31299117114323568,
                        0.3006462557810415,
                        0.9009152877331067
                    ]
                ],
                "center": [
                    -1.800338329020468,
                    -0.5729642710325326,
                    -0.06765265531822512
                ]
            }
        },
        {
            "key": 10,
            "value": {
                "rotation": [
                    [
                        0.9177757273378597,
                        0.24180274668189087,
                        -0.3149907078098589
                    ],
                    [
                        -0.30336108029622557,
                        0.9387911516810328,
                        -0.16322753593345414
                    ],
                    [
                        0.25624162283081489,
                        0.24536219191736406,
                        0.9349532745044198
                    ]
                ],
                "center": [
                    -1.5963268086484337,
                    -0.3515022440960978,
                    -0.2961777971038714
                ]
            }
        },
        {
            "key": 11,
            "value": {
                "rotation": [
                    [
                        0.9958317583388031,
                        -0.023477528372883966,
                        0.08813577449224594
                    ],
                    [
                        0.02036379942489358,
                        0.9991420090399108,
                        0.03606329775094834
                    ],
                    [
                        -0.08890683189063878,
                        -0.03411819797690494,
                        0.9954554353711563
                    ]
                ],
                "center": [
                    0.3861101436920333,
                    0.029509681147103119,
                    -0.055675889296846737
                ]
            }
        },
        {
            "key": 12,
            "value": {
                "rotation": [
                    [
                        0.9424523218216481,
                        0.22573710042435164,
                        -0.24663005207190567
                    ],
                    [
                        -0.2627336329790588,
                        0.9562388164139457,
                        -0.12875699625605339
                    ],
                    [
                        0.20677199809115827,
                        0.186145339654965,
                        0.9605182212379564
                    ]
                ],
                "center": [
                    -1.1382202282120953,
                    -0.07717456855890212,
                    -0.4671877216632467
                ]
            }
        },
        {
            "key": 13,
            "value": {
                "rotation": [
                    [
                        0.9461007436116549,
                        0.21619506725794858,
                        -0.24114948855596764
                    ],
                    [
                        -0.2529949645424434,
                        0.9582096221252977,
                        -0.13352103947566489
                    ],
                    [
                        0.20220517019512997,
                        0.18733396104237308,
                        0.9612590994037628
                    ]
                ],
                "center": [
                    -1.0896866268661146,
                    -0.19201134530301887,
                    -0.2532917948239911
                ]
            }
        },
        {
            "key": 14,
            "value": {
                "rotation": [
                    [
                        0.9640959293711561,
                        0.17293783342283798,
                        -0.20152306255359876
                    ],
                    [
                        -0.20483041098535666,
                        0.9672567034288655,
                        -0.1498631789583204
                    ],
                    [
                        0.16900751967157205,
                        0.18576053252221914,
                        0.9679511779276498
                    ]
                ],
                "center": [
                    -1.06676733671736,
                    -0.3642542414277537,
                    0.03621449300215994
                ]
            }
        },
        {
            "key": 15,
            "value": {
                "rotation": [
                    [
                        0.9978763560847038,
                        0.05467455601736176,
                        -0.03540439084940928
                    ],
                    [
                        -0.058355177571891247,
                        0.9918800075103206,
                        -0.11299877854153834
                    ],
                    [
                        0.028938749414347637,
                        0.1148248388878946,
                        0.9929641509927247
                    ]
                ],
                "center": [
                    -0.5755601816510078,
                    -0.15101449255873104,
                    -0.020123994054551773
                ]
            }
        },
        {
            "key": 16,
            "value": {
                "rotation": [
                    [
                        0.9975505968108991,
                        0.047391283950939899,
                        -0.05144776970579377
                    ],
                    [
                        -0.05275834102684586,
                        0.9926909428976969,
                        -0.10854146369464749
                    ],
                    [
                        0.04592781569282429,
                        0.11098990086653304,
                        0.9927597280567555
                    ]
                ],
                "center": [
                    -0.5783566570168304,
                    -0.02195160963761725,
                    -0.23544309251039059
                ]
            }
        },
        {
            "key": 17,
            "value": {
                "rotation": [
                    [
                        0.995740224269057,
                        -0.027008926103878708,
                        0.08815851452538924
                    ],
                    [
                        0.030821759501118895,
                        0.9986345524641707,
                        -0.042178783362500898
                    ],
                    [
                        -0.08689893505597887,
                        0.04471631173745007,
                        0.9952130558582599
                    ]
                ],
                "center": [
                    -0.35835367233316586,
                    0.11024967718588794,
                    -0.37448053860309457
                ]
            }
        },
        {
            "key": 18,
            "value": {
                "rotation": [
                    [
                        0.9881330969240251,
                        -0.02726952314323386,
                        0.15116003397352058
                    ],
                    [
                        0.029216372806512043,
                        0.999516127845562,
                        -0.010673037835835552
                    ],
                    [
                        -0.15079584318994394,
                        0.014962729836326879,
                        0.9884516833879534
                    ]
                ],
                "center": [
                    0.19354209716658478,
                    0.22327744656950045,
                    -0.2780639897563247
                ]
            }
        },
        {
            "key": 19,
            "value": {
                "rotation": [
                    [
                        0.9822289103931622,
                        -0.06403677129853575,
                        0.17642465675046779
                    ],
                    [
                        0.06175877097491526,
