-0.18443273327448018 0.9686105477762209 0.166667854229763 0.629687712246597 0.24665347008312222 -0.736651512413842 -0.7546376295564323 -0.03091395207027564 -0.6554131335461973
0.43492925732337395 0.8715721127277019 0.22627106186940796 0.6514525262194226 -0.13108266291574155 -0.7472796943348928 -0.6216479286593591 0.4724186573350896 -0.624799539848774
0.12165843431973578 0.9778413316576593 0.17036888055289479 0.6283765636036085 0.05699092760187974 -0.775818876081781 -0.7683372434501604 0.20144072148662812 -0.607519148714142
0.10058741810704774 0.9778183199586098 0.18372126842551356 0.6614870994808465 0.07220724080924235 -0.7464723247349044 -0.7431803203388627 0.19661497279718476 -0.6395510643670197
-0.254336771581016 0.9555280079783 0.14926162464199522 0.6116600279218025 0.2784784975037523 -0.7404874993345616 -0.7491226981372583 -0.09703583048067566 -0.6552856100499078
-0.14605870114945596 0.9774488714363139 0.15251412900584244 0.6383766261770136 0.2108978436095129 -0.7402684531382593 -0.7557394650072125 -0.01076119364821565 -0.6547839779208698
0.7691140868291109 0.6019393320534725 0.21478492025289486 0.5656278909834327 -0.4846369484077819 -0.6672271855819627 -0.2975375781017532 0.6346621690041185 -0.7132147789076799
0.8995042294556029 0.34869218983157696 0.26326013359781986 0.4273550981595872 -0.5768390329880085 -0.6961496607041254 -0.09088322875257035 0.738695124372646 -0.6678845349007485
-0.8263589093420566 0.5166216648687104 0.22412721463331625 0.19964396053967307 0.640899510365753 -0.7412085446303027 -0.5265674144599533 -0.5677586397415892 -0.6327534156586908
0.5423050620936433 0.8183891772877914 0.19011673815269609 0.6763178727667378 -0.29095754915445 -0.6767110458432831 -0.4984970958830988 0.4955631736602787 -0.7112789792394184
-0.5249061194853444 0.8337903782076854 0.17107650608754704 0.47170624898359215 0.45226603878907834 -0.7569337123076667 -0.7084961400012473 -0.31662128065927786 -0.630701343138741
0.3598884692048149 0.909279672762217 0.20902336337082003 0.6539985910621782 -0.086077153968811 -0.7515827076598522 -0.665406742242743 0.40718693528410843 -0.6256458000433112
0.5701372585089182 0.7915993621918376 0.21980435900457226 0.6573918897791344 -0.2791209380490667 -0.6999481446473212 -0.4927265059975495 0.5435641192353344 -0.6795282470709822
-0.9330471482682754 0.29482019933438425 0.20616515023852305 0.04593368130207631 0.6660113666006955 -0.7445259944963056 -0.356809635562828 -0.6852079316697286 -0.6349621833986763
0.33141120045908457 0.9166603146438163 0.22338416185434332 0.7162858948237704 -0.09034776511071163 -0.6919333770067821 -0.6140856072949261 0.3893213953748227 -0.6865331150182217
-0.8575522041060472 0.46655701182417186 0.21663049635395337 0.15709181560381483 0.6385481001226458 -0.7533780493882583 -0.4898228033719517 -0.6120301287906171 -0.6208806187580533
-0.9293346006532195 0.3072042691852245 0.2048480827908656 0.055385453368031884 0.6644876075658227 -0.7452440344925052 -0.3650611614290662 -0.6812354632473422 -0.6345459731416159
-0.7669199997923569 0.5978983283490831 0.23313365882227996 0.25836241966880336 0.6202040991484047 -0.7406724886901073 -0.5874372936930139 -0.5078035686728561 -0.630121386418315
0.25542382021267807 0.941848047510502 0.21835962875178289 0.6494780050841638 0.00015312525219379758 -0.7603803636763327 -0.7161961972671012 0.33603903337754093 -0.6116704791526493
-0.7004452075456253 0.6851800286461973 0.19976195726604748 0.320168938049985 0.5518111713098831 -0.7700625184525998 -0.6378623380748474 -0.4754290268399813 -0.6058868525588568
-0.3821740444059417 0.9063986770669539 0.17995676701274982 0.5257427197240494 0.373418494193407 -0.7642991697309949 -0.7599589412853598 -0.19748434471016751 -0.6192433618173316
0.5201641803640726 0.8206093409609851 0.2367055871620914 0.6906380365275377 -0.24110499013440045 -0.6818265807620574 -0.5024423628313601 0.5181396464852583 -0.6921582035723997
0.18519031694303478 0.9619335459130685 0.20096865366929464 0.6943843575327395 0.01661869442650965 -0.7194123873060589 -0.6953667453397401 0.27277769748032715 -0.6648739859800114
0.7012593731458938 0.6749907442509208 0.229396570921659 0.6229079699584944 -0.4236444572308773 -0.6576557114628769 -0.3467289323624655 0.6040801842745245 -0.717541760756572
0.6506225741723735 0.7333148944205001 0.1973310203651843 0.6251532238070485 -0.3696822440585646 -0.6873998001101528 -0.43113073741148206 0.570599950971672 -0.6989577835679042
-0.3791727545838523 0.9118207624645547 0.15751482254014115 0.5509795968422428 0.35924017796600904 -0.7532383277545762 -0.7434039992123083 -0.198819998172993 -0.6386087239316713
0.4551257800077282 0.8663637192614163 0.20560746659565346 0.6716729288269448 -0.18244412803605592 -0.718031765889363 -0.5845647962830047 0.4648957367977137 -0.6649480828259604
-0.45368478930272366 0.8706807763685962 0.18996077915591303 0.5015469180219396 0.4256629531335441 -0.7531678029179973 -0.736627993615527 -0.24642653264575232 -0.6298040671749866
0.14184048758656964 0.9756116790631005 0.16752052935948342 0.6717944797601613 0.029420702708449653 -0.740153091742455 -0.7270305722904493 0.21752304229165798 -0.6512374935668273
0.6886685299211344 0.6904501569138676 0.22139159133508005 0.6284981307230856 -0.4161768490235789 -0.6571049611853439 -0.3615601686771521 0.5916717089353021 -0.7205545317821048
-0.8143261621860884 0.5357612794458405 0.2232325088911387 0.21144486859031567 0.6320252276957731 -0.7455435460809314 -0.5405219413919294 -0.5599142461151188 -0.627958651402493
0.5027479074767626 0.8387935544264332 0.20897347817464157 0.6727723680516787 -0.22787769949649805 -0.7038814494347188 -0.5427908274039583 0.49446650758656463 -0.6788821625004389
-0.6164764798601406 0.763094078198887 0.19402107513628697 0.3950027027985482 0.5128959623909077 -0.7621749120411576 -0.6811237879865095 -0.39322405773413166 -0.6176125208073528
0.19077030951121743 0.960880093985768 0.20078877954431695 0.6353028820469151 0.035077006492037266 -0.7714660405218375 -0.7483294308470556 0.2747345056549314 -0.6037582416254559
0.33437595284709754 0.9127077553640449 0.2348558610210155 0.7155932802539747 -0.08371659699109657 -0.6934823636139472 -0.6132853980105447 0.3999451020909709 -0.6811203534622134
