{"ToolBlack3.jpg": {"center": [-0.8143608841633346, -0.3432897208843979, 1.217773614680406], "rotation": [[0.7252745137150097, 0.387290614681425, -0.5691949222675304], [-0.49880528443437916, 0.8654543595039289, -0.04671230925550823], [0.47452098791917957, 0.31779668248005377, 0.820874594946681]], "angles": [[0.20253599611549405], [-0.5799309381224007], [-0.49235086006182815]]}, "ToolBlack28.jpg": {"center": [-0.630757245243688, -0.2637074688443264, 1.2478475101068291], "rotation": [[0.9296471633226974, 0.28099832708138756, -0.2383193066109491], [-0.31251481399260006, 0.943974795200954, -0.10604752265134545], [0.1951682421943504, 0.173065092386589, 0.9653796305267627]], "angles": [[0.14342592481783262], [-0.2227536457854669], [-0.3049850367333056]]}, "ToolBlack27.jpg": {"center": [-0.8381664465924524, -0.3788138112534943, 1.2633486380284948], "rotation": [[0.8215869555469365, 0.3713164531812509, -0.4325724980532304], [-0.4429147886216982, 0.8934819585147139, -0.07427300875087353], [0.3589169325837282, 0.2526144916777477, 0.8985346705047506]], "angles": [[0.17485653810319296], [-0.42337838432175257], [-0.43554328620838795]]}, "ToolBlack34.jpg": {"center": [-0.1434745433826344, -0.09529549673707836, 1.2482892083963937], "rotation": [[0.9977666419349621, 0.06672145158329129, 0.0031585028807556118], [-0.06650578653702738, 0.9967221604609758, -0.04606425081444622], [-0.006221623495565587, 0.04575131413001573, 0.9989334856017472]], "angles": [[0.045958176802972615], [0.004695211609251214], [-0.0666867428001885]]}, "ToolBlack31.jpg": {"center": [-0.3912971857117552, -0.10523630349681357, 1.1524602294745252], "rotation": [[0.9883433266731282, 0.14393851665385063, -0.049590039767915324], [-0.14709111170345454, 0.9868373284980257, -0.06720336257004966], [0.03926415004219655, 0.07371424900498447, 0.9965061645645225]], "angles": [[0.07079318550517082], [-0.044637934689870463], [-0.14620539077778244]]}, "ToolBlack33.jpg": {"center": [-0.146999849021842, -0.09974374933727771, 1.2682828669707837], "rotation": [[0.9966894241694731, 0.033444659407219794, 0.07410564422403434], [-0.0314207128212628, 0.9991051989437565, -0.02831148617364361], [-0.07498620242769881, 0.02588930668619278, 0.9968484404586188]], "angles": [[0.027133674715934405], [0.07463746296677905], [-0.032472512255071924]]}, "ToolBlack10.jpg": {"center": [-1.150463855970511, -0.803283916819615, 1.7580770429631254], "rotation": [[0.30965536579966024, 0.4633227969158221, -0.8303285736921129], [-0.8164352404008602, 0.5771691557800125, 0.017585899117680784], [0.487387989863382, 0.6724639406498222, 0.556996585144509]], "angles": [[0.45234618978781005], [-0.9101909499821884], [-0.883971724988912]]}, "ToolBlack29.jpg": {"center": [-0.6368972523197047, -0.23084591126128504, 1.1892946480048436], "rotation": [[0.9447476156815033, 0.2501105620129195, -0.211888294706659], [-0.2774245647665715, 0.95438177236586, -0.11041305828514264], [0.1746068541844586, 0.16309549149311728, 0.9710367177024902]], "angles": [[0.13979254113828513], [-0.19754095089499737], [-0.2696276806410612]]}, "ToolBlack16.jpg": {"center": [-1.151269787974788, -1.0443526451945015, 2.033666445620686], "rotation": [[-0.0649757824443913, 0.3669353520464178, -0.9279744582230216], [-0.8725213900350921, 0.43037309864533985, 0.23126915032844084], [0.48423607014241477, 0.8247044582036523, 0.2921951145930581]], "angles": [[0.5248832436771323], [-1.249075734198339], [-1.0962780046077687]]}, "ToolBlack15.jpg": {"center": [-1.2889407664057946, -1.111865608765551, 2.029152103217674], "rotation": [[-0.053992239173057587, 0.3961012034374275, -0.9166180637236543], [-0.8697518375129871, 0.4322850890994774, 0.23803643184403417], [0.49052683846234335, 0.810082365181269, 0.32116970960920266]], "angles": [[0.498083190790141], [-1.225207945620863], [-1.1021844312916225]]}, "ToolBlack40.jpg": {"center": [0.3036124720984657, -0.09953747865732666, 1.4961508458518111], "rotation": [[0.862183269728253, -0.31445072735486823, 0.397191074253555], [0.2709050850358272, 0.9487016923844293, 0.16302004100309594], [-0.42807761481118106, -0.03295207023715222, 0.9031410281703827]], "angles": [[-0.10294089490318654], [0.43349993450729307], [0.30747768538559556]]}, "ToolBlack41.jpg": {"center": [0.48455156263860943, -0.13259936920848764, 1.6574216796778953], "rotation": [[0.7592863028242548, -0.41549494918695523, 0.5008475392208727], [0.3498405181014753, 0.9095818892196602, 0.22421507241504787], [-0.5487220810555791, 0.004973329239384814, 0.8359900380736073]], "angles": [[-0.11966986296143407], [0.5728920542578034], [0.41774704562784315]]}, "ToolBlack17.jpg": {"center": [-1.1248614369986207, -0.8781686770271363, 1.8844960335997212], "rotation": [[0.29142933717023595, 0.4554475598174699, -0.8412113062083921], [-0.8173756858950385, 0.5754063507433521, 0.028364055278360757], [0.4969566676724766, 0.6793195505655132, 0.5399620529957054]], "angles": [[0.45408445661247604], [-0.9334605540243067], [-0.8878782898024941]]}, "ToolBlack36.jpg": {"center": [0.15928204470756901, -0.008185390902276237, 1.3118632851755603], "rotation": [[0.9642482538030757, -0.13739348216107558, 0.2266017124767012], [0.12516182650970215, 0.9898332939027025, 0.06756158277069475], [-0.23358044058198574, -0.03678425398700408, 0.9716414443796358]], "angles": [[-0.05282854309746758], [0.23298248843409244], [0.13292733922668648]]}, "ToolBlack14.jpg": {"center": [-1.2694361339632316, -1.1513875789508081, 2.0795322179131204], "rotation": [[-0.1122929775461233, 0.38082358859789867, -0.9178037271449949], [-0.8721787466089502, 0.404795487558278, 0.2746722541795892], [0.47612448073740815, 0.8313326696454764, 0.28669054958728407]], "angles": [[0.5075646533689289], [-1.2709879632142829], [-1.1424913255372233]]}, "ToolBlack23.jpg": {"center": [-0.9887541316081747, -0.5271519239674172, 1.4638198292356657], "rotation": [[0.6698169125204163, 0.4098274947308654, -0.6191823061621183], [-0.5902454766117998, 0.7998131363347978, -0.10912939240004577], [0.45050591676572466, 0.43856626809288063, 0.7776271905290847]], "angles": [[0.3143790266096995], [-0.6140043943332609], [-0.5740450216209767]]}, "ToolBlack32.jpg": {"center": [-0.3316437577523484, -0.14899449430508876, 1.2289894385491182], "rotation": [[0.9906435321548299, 0.12679522574243612, -0.05048131266842484], [-0.12908922547006937, 0.9906063786690948, -0.045110690613639974], [0.04428729013317696, 0.05120520744051939, 0.9977056994242507]], "angles": [[0.04832757227401975], [-0.04755119968488421], [-0.12839286721717078]]}, "ToolBlack6.jpg": {"center": [-1.0649009599141923, -0.5520896744946482, 1.4145712990204358], "rotation": [[0.564439655585275, 0.4545689872652075, -0.6890391215449672], [-0.6517146274635162, 0.7577019181068455, -0.033997759445259707], [0.5066319369649596, 0.46824655803742, 0.7239262678845425]], "angles": [[0.30064399192654406], [-0.7157299894664461], [-0.6622225688923603]]}, "ToolBlack13.jpg": {"center": [-1.2156148564479712, -1.0796493311765292, 2.0870268034199104], "rotation": [[-0.012679343532742046, 0.39044622774243465, -0.9205384171718645], [-0.8957554073313891, 0.4046868604801761, 0.1839858559544062], [0.4443663854120333, 0.8269100847107872, 0.3446131560452139]], "angles": [[0.5522173340513825], [-1.1723373573504132], [-1.1047380176461372]]}, "ToolBlack2.jpg": {"center": [-0.7221187622938505, -0.2961155805964413, 1.1860608541935964], "rotation": [[0.7678876485045529, 0.3823181561763178, -0.5139857845622668], [-0.464490792230251, 0.884855634269805, -0.035760459089544276], [0.44113134462137477, 0.26620167910612785, 0.8570529755117918]], "angles": [[0.16466828595336938], [-0.5208517249452544], [-0.4617882854363874]]}, "ToolBlack20.jpg": {"center": [-1.2894896172210144, -0.6626916590854576, 1.4477755939820665], "rotation": [[0.44167953741529786, 0.4674458772053425, -0.7657764282819994], [-0.7267519030341926, 0.6869000330058735, 0.000126857042593557], [0.5260711526635802, 0.5564734463927795, 0.6431068696530573]], "angles": [[0.35419005840240153], [-0.8224361915771724], [-0.7602688497130764]]}, "ToolBlack9.jpg": {"center": [-1.1938466745053757, -0.7838800351005588, 1.686940285209621], "rotation": [[0.3590865349372011, 0.48618130713330293, -0.7966709465149002], [-0.7813849867764294, 0.6234095682485519, 0.028249117801322093], [0.5103864838210287, 0.6123628391814013, 0.6037527559543722]], "angles": [[0.38896236173341747], [-0.8703718581092267], [-0.8440746404106291]]}, "ToolBlack30.jpg": {"center": [-0.6483562813477068, -0.2466909833189672, 1.2110642062011225], "rotation": [[0.9621835227419715, 0.23152299447733635, -0.14352690198042073], [-0.2467438250524288, 0.9639994233902468, -0.0991090132216441], [0.1154138352293451, 0.13077543626965618, 0.9846712303637873]], "angles": [[0.11668103613732708], [-0.13142895738557644], [-0.24275094803639122]]}, "ToolBlack8.jpg": {"center": [-1.1320172536315238, -0.7218896093599164, 1.6453216764678], "rotation": [[0.4782359815378067, 0.48168892547813447, -0.7343474143988599], [-0.7366996291475629, 0.6752144125289495, -0.036866699432264546], [0.47808367717002637, 0.5586244500421601, 0.6777718800884854]], "angles": [[0.37390180880305396], [-0.7612710593377804], [-0.7650116795212794]]}, "ToolBlack11.jpg": {"center": [-1.1527974616860694, -0.8933636989170947, 1.8452498897831893], "rotation": [[0.19727286289258877, 0.4650309825524282, -0.8630351110079385], [-0.8453207066927853, 0.526539618008431, 0.09049272624882859], [0.4965040990793246, 0.7116896907598553, 0.4969722966761522]], "angles": [[0.45631820005068774], [-0.9986888550456552], [-0.9625567387316816]]}, "ToolBlack25.jpg": {"center": [-1.0565209696437547, -0.43998907533539655, 1.26775739716432], "rotation": [[0.7694096694869144, 0.3793257041872965, -0.5139268144812535], [-0.49520450948442096, 0.8624289453898856, -0.10482751518558339], [0.403461589604675, 0.3351541798881543, 0.8514049691052827]], "angles": [[0.24114104473588893], [-0.5027936404326906], [-0.47930432501869263]]}, "ToolBlack26.jpg": {"center": [-0.8795358224392377, -0.2857465075111357, 1.1515370910428275], "rotation": [[0.7951437561972214, 0.39694531072448486, -0.4584548257728519], [-0.48118248354667964, 0.8730883534979258, -0.0786138951721025], [0.3690661519408454, 0.28310977955578137, 0.8852338833390042]], "angles": [[0.1956518090184557], [-0.4475957411750947], [-0.47496833495287855]]}, "ToolBlack24.jpg": {"center": [-1.0671897683181615, -0.5091287494845176, 1.381286482690875], "rotation": [[0.6654030626763824, 0.3982208540642619, -0.6313944215537702], [-0.5845085754875253, 0.8040494055062203, -0.10887735617031467], [0.4643150755278513, 0.44150278016499905, 0.7677804411054909]], "angles": [[0.3165626838899573], [-0.6302203082208474], [-0.565237451751036]]}, "ToolBlack1.jpg": {"center": [-0.6404144920471945, -0.24467357329114328, 1.1387703864551957], "rotation": [[0.8066073401915598, 0.38354541005754245, -0.4497527289221143], [-0.4441284001101367, 0.895356400391504, -0.032967870625490774], [0.3900443089761823, 0.22634008637835323, 0.892544453981723]], "angles": [[0.13919473018270942], [-0.45079728153794807], [-0.44428961616429424]]}, "ToolBlack7.jpg": {"center": [-1.1441216591481154, -0.6245298962101999, 1.4984877498174674], "rotation": [[0.5223236311634003, 0.4634333216503125, -0.715826501823199], [-0.6876344812279024, 0.7253445676555037, -0.03215708940628816], [0.5043181977231376, 0.509023392936718, 0.6975373401392055]], "angles": [[0.3311635146430612], [-0.7466407608151033], [-0.7043706704707294]]}, "ToolBlack39.jpg": {"center": [0.29070315213987247, -0.041078628561542596, 1.4178510050187705], "rotation": [[0.8994037224411798, -0.27637865313939375, 0.33865584912681473], [0.2527138164122742, 0.9609140754732923, 0.11304807186171402], [-0.35666324600846183, -0.016092844564046912, 0.9340944006365443]], "angles": [[-0.06687811301376755], [0.36008439704560985], [0.2740007346451763]]}, "ToolBlack19.jpg": {"center": [-1.339681112344178, -0.8236609488875344, 1.6421184414031178], "rotation": [[0.3822751321681858, 0.449464589111888, -0.8073706128292494], [-0.7639115132662295, 0.6453163570243278, -0.0024493379002203546], [0.5199085719865516, 0.6176960275826063, 0.5900395700998136]], "angles": [[0.4097418896167146], [-0.8769587124333982], [-0.8017007699752646]]}, "ToolBlack4.jpg": {"center": [-0.8957555964054594, -0.4283568191972351, 1.2974616406086315], "rotation": [[0.6461465039047424, 0.42653107609927043, -0.632902786068506], [-0.5717201507664716, 0.8198568111379855, -0.031158922289073337], [0.50559941129242, 0.38197650497413055, 0.7736040233533603]], "angles": [[0.23750901195197785], [-0.6545178993523535], [-0.5738884804514293]]}, "ToolBlack22.jpg": {"center": [-1.0881334042461526, -0.6875878474591446, 1.6225993083040728], "rotation": [[0.5053804466358748, 0.44462451403828823, -0.7395266362169384], [-0.7009926860574507, 0.7113149258877642, -0.051384144473222974], [0.503189684166999, 0.5443713050166225, 0.6711631873266107]], "angles": [[0.36926887398895386], [-0.7702765567798544], [-0.7100913199602085]]}, "ToolBlack35.jpg": {"center": [-0.0385805287671018, -0.09600412890123608, 1.294508031274714], "rotation": [[0.987385975138997, -0.05611425251069939, 0.14805447228630905], [0.054095797814775304, 0.9983801349319018, 0.017628126166454722], [-0.14880383314147166, -0.009396639746364737, 0.9888220883474853]], "angles": [[-0.013569904406732976], [0.14906100722555543], [0.05533960413949407]]}, "ToolBlack12.jpg": {"center": [-1.0853356230583784, -1.0668733237594736, 2.1399284958357856], "rotation": [[0.03103767983413165, 0.3679534553621849, -0.9293260553312506], [-0.8983044127944484, 0.417962952447151, 0.13548487862371264], [0.43827599111123505, 0.8306125601438311, 0.34350681295539887]], "angles": [[0.5852334986119999], [-1.1513949906270597], [-1.0660725245550895]]}, "ToolBlack37.jpg": {"center": [0.13359285719686698, -0.04444429100424281, 1.3724854587798658], "rotation": [[0.9314513490342304, -0.22935107963089238, 0.28248268381346203], [0.21645072572873766, 0.9732911581145517, 0.07650754778149399], [-0.2924849871597089, -0.010119476675148035, 0.9562165698616637]], "angles": [[-0.04434600727248562], [0.2943367924542093], [0.2282143502742644]]}, "ToolBlack18.jpg": {"center": [-1.3049998586020346, -0.9095435071310162, 1.7887262167756208], "rotation": [[0.30554435997456586, 0.42846149874788964, -0.8503313402306452], [-0.7994383771498546, 0.6005520530354758, 0.01534642417249318], [0.5172435840372889, 0.675098493321965, 0.5260238579063433]], "angles": [[0.45712577575087576], [-0.9475586017628558], [-0.8507812397432475]]}, "ToolBlack42.jpg": {"center": [0.4829073566087367, -0.15967654889930322, 1.7190764450496223], "rotation": [[0.7492419487773972, -0.42543284960589833, 0.5075858475848721], [0.35511326536161075, 0.9049778827387175, 0.23432797638771632], [-0.5590447843925048, 0.004682118105408288, 0.8291242408792453]], "angles": [[-0.12585975181350856], [0.5845777825974439], [0.42778624898186296]]}, "ToolBlack5.jpg": {"center": [-0.9666076285978489, -0.4604277245914087, 1.3189468644200597], "rotation": [[0.5840707763661289, 0.4286573651145103, -0.6892852758678025], [-0.6079911600930084, 0.7936492157620229, -0.021625715458311], [0.5377806964217153, 0.4317103029271033, 0.7241672023108775]], "angles": [[0.2681585974716984], [-0.7258375174033821], [-0.6132012531914379]]}, "ToolBlack38.jpg": {"center": [0.3048987225475961, -0.014442822371269868, 1.4411807230185085], "rotation": [[0.8895392206087024, -0.289240667004805, 0.353637966781676], [0.26572804166376135, 0.9572239497426844, 0.1145029166115743], [-0.3716296313164555, -0.007883310829234024, 0.9283476022147982]], "angles": [[-0.06359512072142809], [0.3768682262773263], [0.2883764191641745]]}, "ToolBlack21.jpg": {"center": [-1.1999707585969321, -0.667593075659514, 1.516492864470251], "rotation": [[0.4518007499655578, 0.4622723000797631, -0.7630074723811852], [-0.7229938769103239, 0.6907878762907375, -0.009589782057600884], [0.5226432208311316, 0.5559824012940502, 0.6463185229981907]], "angles": [[0.3586151918764803], [-0.8151989853889248], [-0.7515476715404862]]}}