0.29142933717023595 0.4554475598174699 -0.8412113062083921 -0.8173756858950385 0.5754063507433521 0.028364055278360757 0.4969566676724766 0.6793195505655132 0.5399620529957054
0.9621835227419715 0.23152299447733635 -0.14352690198042073 -0.2467438250524288 0.9639994233902468 -0.0991090132216441 0.1154138352293451 0.13077543626965618 0.9846712303637873
0.9642482538030757 -0.13739348216107558 0.2266017124767012 0.12516182650970215 0.9898332939027025 0.06756158277069475 -0.23358044058198574 -0.03678425398700408 0.9716414443796358
0.6461465039047424 0.42653107609927043 -0.632902786068506 -0.5717201507664716 0.8198568111379855 -0.031158922289073337 0.50559941129242 0.38197650497413055 0.7736040233533603
0.9883433266731282 0.14393851665385063 -0.049590039767915324 -0.14709111170345454 0.9868373284980257 -0.06720336257004966 0.03926415004219655 0.07371424900498447 0.9965061645645225
-0.012679343532742046 0.39044622774243465 -0.9205384171718645 -0.8957554073313891 0.4046868604801761 0.1839858559544062 0.4443663854120333 0.8269100847107872 0.3446131560452139
0.9906435321548299 0.12679522574243612 -0.05048131266842484 -0.12908922547006937 0.9906063786690948 -0.045110690613639974 0.04428729013317696 0.05120520744051939 0.9977056994242507
0.3590865349372011 0.48618130713330293 -0.7966709465149002 -0.7813849867764294 0.6234095682485519 0.028249117801322093 0.5103864838210287 0.6123628391814013 0.6037527559543722
0.7694096694869144 0.3793257041872965 -0.5139268144812535 -0.49520450948442096 0.8624289453898856 -0.10482751518558339 0.403461589604675 0.3351541798881543 0.8514049691052827
0.5053804466358748 0.44462451403828823 -0.7395266362169384 -0.7009926860574507 0.7113149258877642 -0.051384144473222974 0.503189684166999 0.5443713050166225 0.6711631873266107
0.9966894241694731 0.033444659407219794 0.07410564422403434 -0.0314207128212628 0.9991051989437565 -0.02831148617364361 -0.07498620242769881 0.02588930668619278 0.9968484404586188
0.9977666419349621 0.06672145158329129 0.0031585028807556118 -0.06650578653702738 0.9967221604609758 -0.04606425081444622 -0.006221623495565587 0.04575131413001573 0.9989334856017472
0.6698169125204163 0.4098274947308654 -0.6191823061621183 -0.5902454766117998 0.7998131363347978 -0.10912939240004577 0.45050591676572466 0.43856626809288063 0.7776271905290847
0.30965536579966024 0.4633227969158221 -0.8303285736921129 -0.8164352404008602 0.5771691557800125 0.017585899117680784 0.487387989863382 0.6724639406498222 0.556996585144509
0.7951437561972214 0.39694531072448486 -0.4584548257728519 -0.48118248354667964 0.8730883534979258 -0.0786138951721025 0.3690661519408454 0.28310977955578137 0.8852338833390042
0.19727286289258877 0.4650309825524282 -0.8630351110079385 -0.8453207066927853 0.526539618008431 0.09049272624882859 0.4965040990793246 0.7116896907598553 0.4969722966761522
0.03103767983413165 0.3679534553621849 -0.9293260553312506 -0.8983044127944484 0.417962952447151 0.13548487862371264 0.43827599111123505 0.8306125601438311 0.34350681295539887
0.5223236311634003 0.4634333216503125 -0.715826501823199 -0.6876344812279024 0.7253445676555037 -0.03215708940628816 0.5043181977231376 0.509023392936718 0.6975373401392055
0.8994037224411798 -0.27637865313939375 0.33865584912681473 0.2527138164122742 0.9609140754732923 0.11304807186171402 -0.35666324600846183 -0.016092844564046912 0.9340944006365443
0.4782359815378067 0.48168892547813447 -0.7343474143988599 -0.7366996291475629 0.6752144125289495 -0.036866699432264546 0.47808367717002637 0.5586244500421601 0.6777718800884854
0.3822751321681858 0.449464589111888 -0.8073706128292494 -0.7639115132662295 0.6453163570243278 -0.0024493379002203546 0.5199085719865516 0.6176960275826063 0.5900395700998136
0.7492419487773972 -0.42543284960589833 0.5075858475848721 0.35511326536161075 0.9049778827387175 0.23432797638771632 -0.5590447843925048 0.004682118105408288 0.8291242408792453
0.5840707763661289 0.4286573651145103 -0.6892852758678025 -0.6079911600930084 0.7936492157620229 -0.021625715458311 0.5377806964217153 0.4317103029271033 0.7241672023108775
-0.0649757824443913 0.3669353520464178 -0.9279744582230216 -0.8725213900350921 0.43037309864533985 0.23126915032844084 0.48423607014241477 0.8247044582036523 0.2921951145930581
0.862183269728253 -0.31445072735486823 0.397191074253555 0.2709050850358272 0.9487016923844293 0.16302004100309594 -0.42807761481118106 -0.03295207023715222 0.9031410281703827
0.6654030626763824 0.3982208540642619 -0.6313944215537702 -0.5845085754875253 0.8040494055062203 -0.10887735617031467 0.4643150755278513 0.44150278016499905 0.7677804411054909
0.7678876485045529 0.3823181561763178 -0.5139857845622668 -0.464490792230251 0.884855634269805 -0.035760459089544276 0.44113134462137477 0.26620167910612785 0.8570529755117918
0.9314513490342304 -0.22935107963089238 0.28248268381346203 0.21645072572873766 0.9732911581145517 0.07650754778149399 -0.2924849871597089 -0.010119476675148035 0.9562165698616637
0.7592863028242548 -0.41549494918695523 0.5008475392208727 0.3498405181014753 0.9095818892196602 0.22421507241504787 -0.5487220810555791 0.004973329239384814 0.8359900380736073
0.44167953741529786 0.4674458772053425 -0.7657764282819994 -0.7267519030341926 0.6869000330058735 0.000126857042593557 0.5260711526635802 0.5564734463927795 0.6431068696530573
0.30554435997456586 0.42846149874788964 -0.8503313402306452 -0.7994383771498546 0.6005520530354758 0.01534642417249318 0.5172435840372889 0.675098493321965 0.5260238579063433
0.9447476156815033 0.2501105620129195 -0.211888294706659 -0.2774245647665715 0.95438177236586 -0.11041305828514264 0.1746068541844586 0.16309549149311728 0.9710367177024902
0.564439655585275 0.4545689872652075 -0.6890391215449672 -0.6517146274635162 0.7577019181068455 -0.033997759445259707 0.5066319369649596 0.46824655803742 0.7239262678845425
0.4518007499655578 0.4622723000797631 -0.7630074723811852 -0.7229938769103239 0.6907878762907375 -0.009589782057600884 0.5226432208311316 0.5559824012940502 0.6463185229981907
0.9296471633226974 0.28099832708138756 -0.2383193066109491 -0.31251481399260006 0.943974795200954 -0.10604752265134545 0.1951682421943504 0.173065092386589 0.9653796305267627
0.7252745137150097 0.387290614681425 -0.5691949222675304 -0.49880528443437916 0.8654543595039289 -0.04671230925550823 0.47452098791917957 0.31779668248005377 0.820874594946681
-0.053992239173057587 0.3961012034374275 -0.9166180637236543 -0.8697518375129871 0.4322850890994774 0.23803643184403417 0.49052683846234335 0.810082365181269 0.32116970960920266
0.8895392206087024 -0.289240667004805 0.353637966781676 0.26572804166376135 0.9572239497426844 0.1145029166115743 -0.3716296313164555 -0.007883310829234024 0.9283476022147982
0.987385975138997 -0.05611425251069939 0.14805447228630905 0.054095797814775304 0.9983801349319018 0.017628126166454722 -0.14880383314147166 -0.009396639746364737 0.9888220883474853
0.8066073401915598 0.38354541005754245 -0.4497527289221143 -0.4441284001101367 0.895356400391504 -0.032967870625490774 0.3900443089761823 0.22634008637835323 0.892544453981723
-0.1122929775461233 0.38082358859789867 -0.9178037271449949 -0.8721787466089502 0.404795487558278 0.2746722541795892 0.47612448073740815 0.8313326696454764 0.28669054958728407
0.8215869555469365 0.3713164531812509 -0.4325724980532304 -0.4429147886216982 0.8934819585147139 -0.07427300875087353 0.3589169325837282 0.2526144916777477 0.8985346705047506
