{"ToolBlack1.jpg": {"center": [0.6164301765222001, 0.043357500090849106, -0.014788286740647649], "rotation": [[0.9862148015520157, -0.04512388009840605, 0.15919862010891644], [0.03731191346575927, 0.9979641316015028, 0.051724396085234645], [-0.1612085181162649, -0.04507135988322539, 0.9858906563128766]], "angles": [[-0.04864076058306655], [0.16100754360134065], [0.04142474696448674]]}, "ToolBlack36.jpg": {"center": [1.8371339574646035, -0.3963368845645152, 1.3142802529577853], "rotation": [[0.5062034321407531, -0.6103257650604889, 0.6093115342681862], [0.421286938574007, 0.7914816276190473, 0.44280260673176336], [-0.7525127245939851, 0.03254679162118457, 0.6577729894722831]], "angles": [[-0.2504777836573796], [0.8314488412521579], [0.6298413187135902]]}, "ToolBlack19.jpg": {"center": [-1.5963268086484337, -0.3515022440960978, -0.2961777971038714], "rotation": [[0.9177757273378597, 0.24180274668189086, -0.3149907078098589], [-0.30336108029622555, 0.9387911516810328, -0.16322753593345413], [0.25624162283081486, 0.24536219191736405, 0.9349532745044198]], "angles": [[0.2117032714235464], [-0.29597355218798216], [-0.2824666352727946]]}, "ToolBlack26.jpg": {"center": [0.19354209716658477, 0.22327744656950044, -0.2780639897563247], "rotation": [[0.9881330969240251, -0.02726952314323386, 0.15116003397352057], [0.029216372806512042, 0.999516127845562, -0.010673037835835552], [-0.15079584318994393, 0.014962729836326879, 0.9884516833879534]], "angles": [[0.01286918509460299], [0.15158220043628765], [0.02835598525887435]]}, "ToolBlack22.jpg": {"center": [-1.06676733671736, -0.3642542414277537, 0.03621449300215994], "rotation": [[0.9640959293711561, 0.17293783342283797, -0.20152306255359875], [-0.20483041098535665, 0.9672567034288655, -0.1498631789583204], [0.16900751967157204, 0.18576053252221914, 0.9679511779276498]], "angles": [[0.170686162220306], [-0.18843854263537937], [-0.19211935760526871]]}, "ToolBlack35.jpg": {"center": [1.4830384489496578, -0.34477018787480684, 1.010823081261009], "rotation": [[0.5991271955402147, -0.5464539809126014, 0.5851791608634809], [0.4017905977003129, 0.8373869755938814, 0.3706040592132763], [-0.6925394711955, 0.013080514152835612, 0.7212613818760538]], "angles": [[-0.20902101930605266], [0.7469998956688412], [0.5543776098427385]]}, "ToolBlack8.jpg": {"center": [-1.1926805992514968, -0.38465104671216216, 0.00576311963520157], "rotation": [[0.9555073618552552, 0.21821406786179084, -0.19846486345854825], [-0.2524637530977037, 0.952964851048979, -0.16769032779805426], [0.1525376504743408, 0.2103345270097302, 0.9656560733177009]], "angles": [[0.19308023887246614], [-0.1792782891734947], [-0.2404037325774264]]}, "ToolBlack38.jpg": {"center": [1.890071012143075, -0.5829061598092089, 1.6914512044297527], "rotation": [[0.32093541667469194, -0.712201505582444, 0.6243152038593499], [0.4831751264071849, 0.6900721031363422, 0.5388341949935864], [-0.8145810306809523, 0.12872260065383, 0.5655866304428279]], "angles": [[-0.2737561590940425], [0.960486638122945], [0.7979333429260489]]}, "ToolBlack33.jpg": {"center": [1.349786852084343, -0.23221149209645237, 0.8420227847607675], "rotation": [[0.682589680903715, -0.46965659214783395, 0.5599053607314792], [0.3679497374573171, 0.8828235038559865, 0.2919514544312642], [-0.6314145375495057, 0.00673398036248011, 0.7754162335672511]], "angles": [[-0.16068350247952407], [0.671156122023485], [0.4718838464557618]]}, "ToolBlack41.jpg": {"center": [1.7904333452273846, -1.025622793210957, 2.178460191831318], "rotation": [[0.09399101257881136, -0.7647014300865079, 0.6374930684941283], [0.46148846733244697, 0.6008440386404337, 0.6526981199217614], [-0.8821530955982407, 0.23284794191468106, 0.4093748305313097]], "angles": [[-0.31924011993480733], [1.1554884315784104], [0.9323540406079683]]}, "ToolBlack24.jpg": {"center": [-0.5783566570168304, -0.02195160963761725, -0.23544309251039058], "rotation": [[0.9975505968108991, 0.047391283950939896, -0.05144776970579377], [-0.05275834102684586, 0.9926909428976969, -0.10854146369464748], [0.04592781569282429, 0.11098990086653304, 0.9927597280567555]], "angles": [[0.11007772297163008], [-0.04882620182831402], [-0.050217164622711724]]}, "ToolBlack16.jpg": {"center": [-1.9848619734572874, -1.021798521385027, 0.4362286551591993], "rotation": [[0.638386961175974, 0.3979381778273099, -0.6588681919989655], [-0.5988808844404981, 0.7945201672185378, -0.10039616593672004], [0.4835325987482871, 0.45867516884011394, 0.7455288830335287]], "angles": [[0.3254569536652746], [-0.6650354938512721], [-0.5802867633888916]]}, "ToolBlack9.jpg": {"center": [-1.3942845648292215, -0.43836210401654785, -0.03266968373037715], "rotation": [[0.9085992662523095, 0.28469244551319506, -0.30561018444005006], [-0.34222412486887793, 0.9269152223125069, -0.15398317766264785], [0.23943688463454327, 0.24449618016049332, 0.939623113893774]], "angles": [[0.2070594362680294], [-0.2832195360850206], [-0.3257608935116084]]}, "ToolBlack11.jpg": {"center": [-1.622966269715157, -0.7101826769244983, 0.21136147818660814], "rotation": [[0.8239920741337452, 0.35008781131540173, -0.44550598888585136], [-0.4608857662113624, 0.8714891119323359, -0.16760381346244485], [0.3295775663914855, 0.34343158292705156, 0.8794506100854589]], "angles": [[0.2753135300264742], [-0.4175659673997082], [-0.4369012400403679]]}, "ToolBlack12.jpg": {"center": [-2.034553313947334, -1.1498412713987947, 0.6835627083128949], "rotation": [[0.7086987667061571, 0.350014959454733, -0.6125647608433523], [-0.5649834300416586, 0.8015733583124931, -0.19563710032096096], [0.42253968079641246, 0.4847367114233593, 0.7658267028192035]], "angles": [[0.388272192696687], [-0.5907080259235248], [-0.5221665279750781]]}, "ToolBlack29.jpg": {"center": [0.5686102627022854, 0.060830295632332554, 0.088183358358463], "rotation": [[0.8950836997232956, -0.24190928229461925, 0.37457318327579125], [0.22431436032452198, 0.9702945033606617, 0.0906181245683636], [-0.3853676663160232, 0.0029113378005916454, 0.9227585198037204]], "angles": [[-0.04547062032458284], [0.39398298711391877], [0.24170852702665385]]}, "ToolBlack20.jpg": {"center": [-1.1382202282120952, -0.07717456855890212, -0.4671877216632467], "rotation": [[0.9424523218216481, 0.22573710042435163, -0.24663005207190566], [-0.2627336329790588, 0.9562388164139457, -0.12875699625605339], [0.20677199809115826, 0.186145339654965, 0.9605182212379564]], "angles": [[0.16125304974719376], [-0.23217504290309074], [-0.25013277607380335]]}, "ToolBlack6.jpg": {"center": [-0.6527724921081149, -0.10974227448448207, -0.2062390173617023], "rotation": [[0.9803437907530999, 0.14951811932901593, -0.1287260032944261], [-0.16243062217470194, 0.9819980051974476, -0.09641685935650934], [0.11199261096957101, 0.1154307141992452, 0.9869819680762514]], "angles": [[0.1068275901946292], [-0.12138628281265383], [-0.15730523489011788]]}, "ToolBlack27.jpg": {"center": [0.03773446527096212, -0.010192021348251565, -0.10258821859288446], "rotation": [[0.9822289103931622, -0.06403677129853574, 0.17642465675046778], [0.06175877097491526, 0.9979218806441449, 0.018378638124760458], [-0.17723493390279838, -0.007156259729213517, 0.984142553775193]], "angles": [[-0.012843976196399697], [0.17788970177031985], [0.06327477633993919]]}, "ToolBlack4.jpg": {"center": [-0.13663889547770602, -0.04460202805216727, -0.1411156814395094], "rotation": [[0.9952628232511614, 0.08168591080119379, -0.05271930036245545], [-0.08355030614459193, 0.9959170894957223, -0.03418328821974872], [0.049711759144817534, 0.038426069626607114, 0.9980241370707318]], "angles": [[0.03637014421452188], [-0.05130788257636086], [-0.08276708702612315]]}, "ToolBlack42.jpg": {"center": [1.6928836009197172, -1.0827537937087894, 2.265696116682349], "rotation": [[0.079046418387446, -0.7683732016949021, 0.6351017923587068], [0.457082883211014, 0.5941137119796868, 0.6618943534380878], [-0.8859045668781842, 0.23797378039364536, 0.3981727994596488]], "angles": [[-0.3255921198759016], [1.1682086606274436], [0.9412113255883677]]}, "ToolBlack31.jpg": {"center": [1.1004611401465636, 0.03246516640499581, 0.3768658116574125], "rotation": [[0.7910526873943715, -0.3642315882177472, 0.49149872422064356], [0.3048692121948063, 0.9312745875036158, 0.19945527349681264], [-0.5303681827012825, -0.007936801266733079, 0.8477302625032278]], "angles": [[-0.11183063503805628], [0.5510144264468306], [0.36079472901709997]]}, "ToolBlack10.jpg": {"center": [-1.433504315690468, -0.5323569014929428, 0.1263167953620262], "rotation": [[0.8845052747121641, 0.2909783547374163, -0.3646669934072257], [-0.37826482887676627, 0.9048161955296634, -0.19550798332051988], [0.2730680102853317, 0.3108685403535267, 0.9103815751525719]], "angles": [[0.2666737572391595], [-0.3358512521940993], [-0.35244444783141493]]}, "ToolBlack18.jpg": {"center": [-1.800338329020468, -0.5729642710325326, -0.06765265531822512], "rotation": [[0.8806796981338253, 0.2632700473888341, -0.39381740876045024], [-0.35558373990004133, 0.9166791756294683, -0.18237185332714612], [0.31299117114323566, 0.3006462557810415, 0.9009152877331067]], "angles": [[0.25443765873935725], [-0.3723229354270504], [-0.3259913153784001]]}, "ToolBlack23.jpg": {"center": [-0.5755601816510078, -0.15101449255873103, -0.020123994054551772], "rotation": [[0.9978763560847038, 0.05467455601736176, -0.03540439084940928], [-0.058355177571891244, 0.9918800075103206, -0.11299877854153834], [0.028938749414347636, 0.1148248388878946, 0.9929641509927247]], "angles": [[0.11424100289690585], [-0.0322645428784164], [-0.05667818932954114]]}, "ToolBlack7.jpg": {"center": [-0.942242187415956, -0.16883737775470792, -0.19743891542798342], "rotation": [[0.9693361661544346, 0.17963846324296068, -0.1676824961310205], [-0.20135778148363426, 0.9717712331596208, -0.12294598098115654], [0.14086319895917188, 0.1529401612629507, 0.978144603957846]], "angles": [[0.13983001786777002], [-0.15638317208158595], [-0.1931039785990228]]}, "ToolBlack40.jpg": {"center": [1.747792899137805, -0.7483569105843981, 1.726271795282961], "rotation": [[0.26650707131311163, -0.7222645510078783, 0.6382067841205512], [0.45492122472905366, 0.6780200007392523, 0.5773521957077518], [-0.849717988647484, 0.13646536906824458, 0.509270598811616]], "angles": [[-0.3037358454454636], [1.025061447765768], [0.8109870724991879]]}, "ToolBlack34.jpg": {"center": [1.3703791072145148, -0.22631242042218688, 0.8187353451949626], "rotation": [[0.7379428624100999, -0.4386009060195601, 0.5129030873925496], [0.35372017090288593, 0.8986252761896321, 0.2595277512898008], [-0.5747367854195706, -0.010092483932541583, 0.818276095980843]], "angles": [[-0.1485719561140506], [0.5993347766278609], [0.4366018454500786]]}, "ToolBlack15.jpg": {"center": [-2.249597496743726, -0.9995167718651363, 0.23376190029071717], "rotation": [[0.650301076869932, 0.4171584386562264, -0.6348916021493011], [-0.6002557039328029, 0.7943991015570105, -0.09286095703550505], [0.4656195864844415, 0.4414848859285151, 0.7670003234541325]], "angles": [[0.3089436412797258], [-0.6362844183452946], [-0.5882400584561293]]}, "ToolBlack17.jpg": {"center": [-1.6170013278557458, -0.7169208416922709, 0.32204762241021], "rotation": [[0.8749600914981671, 0.2937285510783824, -0.384926456049611], [-0.385924976957713, 0.9031609617714595, -0.18804836955485915], [0.2924153731350451, 0.313087552313161, 0.9035869820558761]], "angles": [[0.2647685358031044], [-0.35786459626146844], [-0.35908595177282704]]}, "ToolBlack3.jpg": {"center": [0.1625497928966929, 0.03640666591123454, -0.13270636220193943], "rotation": [[0.9996904555068206, 0.005006230115763287, 0.024370696104002436], [-0.0051045100835060255, 0.9999790826920049, 0.003972172612555629], [-0.024350300724487985, -0.004095343512402396, 0.9996950990257691]], "angles": [[-0.00403418526671773], [0.024363078367732414], [-0.005055905499998634]]}, "ToolBlack32.jpg": {"center": [1.0594047276909044, -0.12154707884342407, 0.5435123740452441], "rotation": [[0.7868007410433118, -0.38028524521450974, 0.4861355018570809], [0.3060873800538237, 0.9243708975407442, 0.2277036660914909], [-0.5359618546738953, -0.03035747110447927, 0.8436962215647639]], "angles": [[-0.13954562924851488], [0.5526954593788639], [0.3711535217303552]]}, "ToolBlack21.jpg": {"center": [-1.0896866268661145, -0.19201134530301886, -0.2532917948239911], "rotation": [[0.9461007436116549, 0.21619506725794857, -0.24114948855596763], [-0.2529949645424434, 0.9582096221252977, -0.13352103947566488], [0.20220517019512996, 0.18733396104237307, 0.9612590994037628]], "angles": [[0.16412140155012933], [-0.22678153016324518], [-0.2399966510981681]]}, "ToolBlack39.jpg": {"center": [1.8796858873008926, -0.6184863636222823, 1.6176091038515625], "rotation": [[0.34056640374697944, -0.7051880473844909, 0.6218716446863438], [0.4761349318953109, 0.6996836237331077, 0.5326709615783037], [-0.8107466011448318, 0.114684979425189, 0.5740533984102411]], "angles": [[-0.2763990762249191], [0.9473388501953386], [0.7811663408286224]]}, "ToolBlack14.jpg": {"center": [-2.3159932038110362, -1.1017555839191953, 0.316649387554293], "rotation": [[0.6037092282068709, 0.43257787084219673, -0.669635388428282], [-0.6337391321139665, 0.7700058099453339, -0.07393081277699426], [0.4836423060540722, 0.4690068638176441, 0.7390011376761452]], "angles": [[0.32042716805122273], [-0.6806333793915847], [-0.6293115254869474]]}, "ToolBlack5.jpg": {"center": [-0.30064605403041766, -0.031009026203449728, -0.20299770750213084], "rotation": [[0.9848231354801213, 0.11745728872454769, -0.12777784294853636], [-0.1250292030576612, 0.9907407497662092, -0.0529194211557132], [0.12037894419651929, 0.06809223214264504, 0.9903900028352283]], "angles": [[0.060851513012213324], [-0.12478728742590674], [-0.1219359417690993]]}, "ToolBlack28.jpg": {"center": [0.4752159878787778, -0.015727452439999175, 0.17468030656367356], "rotation": [[0.9114272981028548, -0.20635893923394819, 0.35597228609987247], [0.1929033217482998, 0.9784746248092911, 0.0733192816576165], [-0.36343993827233917, 0.0018430416589579309, 0.931615808402821]], "angles": [[-0.036840683886843716], [0.3708034773922795], [0.205789990422965]]}, "ToolBlack13.jpg": {"center": [-2.1818623320618977, -1.027676534460072, 0.4354747943623832], "rotation": [[0.680645053893099, 0.39121132302431094, -0.6194158630100044], [-0.5969887625588848, 0.7862503501399323, -0.15942021290678687], [0.4246489467657628, 0.47829288897327554, 0.7687061755757698]], "angles": [[0.3669156172358744], [-0.6007147775131955], [-0.5685723615923064]]}, "ToolBlack25.jpg": {"center": [-0.35835367233316584, 0.11024967718588793, -0.37448053860309455], "rotation": [[0.995740224269057, -0.027008926103878707, 0.08815851452538924], [0.030821759501118894, 0.9986345524641707, -0.042178783362500895], [-0.08689893505597887, 0.04471631173745007, 0.9952130558582599]], "angles": [[0.043523102100500276], [0.08768093576305164], [0.028965626094696138]]}, "ToolBlack2.jpg": {"center": [0.3861101436920333, 0.029509681147103117, -0.055675889296846734], "rotation": [[0.9958317583388031, -0.023477528372883964, 0.08813577449224594], [0.02036379942489358, 0.9991420090399108, 0.03606329775094834], [-0.08890683189063878, -0.03411819797690494, 0.9954554353711563]], "angles": [[-0.035146829633598685], [0.08866277727332576], [0.02195569733928745]]}, "ToolBlack37.jpg": {"center": [1.6882729488869284, -0.44579290657655296, 1.366494133098474], "rotation": [[0.4151424799934715, -0.677075900807681, 0.6076388284584333], [0.47584374291586656, 0.7308689094321925, 0.4892886362396089], [-0.7753898720209652, 0.08601663659353836, 0.6255970624902633]], "angles": [[-0.25674202095866805], [0.8805014578660474], [0.7340031531877158]]}, "ToolBlack30.jpg": {"center": [0.5091661649556118, 0.03980614572524777, 0.10428603828208761], "rotation": [[0.8603789819718529, -0.27026850669037283, 0.43209135801637366], [0.24328270934411522, 0.9627775598860014, 0.11778324802001255], [-0.44784096587434347, 0.003782125237604826, 0.8941052313980845]], "angles": [[-0.059848310638730855], [0.4619468806617636], [0.2696041228014376]]}}