0.8950836997232956 -0.24190928229461925 0.37457318327579125 0.22431436032452198 0.9702945033606617 0.0906181245683636 -0.3853676663160232 0.0029113378005916454 0.9227585198037204
0.9848231354801213 0.11745728872454769 -0.12777784294853636 -0.1250292030576612 0.9907407497662092 -0.0529194211557132 0.12037894419651929 0.06809223214264504 0.9903900028352283
0.9862148015520157 -0.04512388009840605 0.15919862010891644 0.03731191346575927 0.9979641316015028 0.051724396085234645 -0.1612085181162649 -0.04507135988322539 0.9858906563128766
0.9822289103931622 -0.06403677129853574 0.17642465675046778 0.06175877097491526 0.9979218806441449 0.018378638124760458 -0.17723493390279838 -0.007156259729213517 0.984142553775193
0.8603789819718529 -0.27026850669037283 0.43209135801637366 0.24328270934411522 0.9627775598860014 0.11778324802001255 -0.44784096587434347 0.003782125237604826 0.8941052313980845
0.9114272981028548 -0.20635893923394819 0.35597228609987247 0.1929033217482998 0.9784746248092911 0.0733192816576165 -0.36343993827233917 0.0018430416589579309 0.931615808402821
0.8239920741337452 0.35008781131540173 -0.44550598888585136 -0.4608857662113624 0.8714891119323359 -0.16760381346244485 0.3295775663914855 0.34343158292705156 0.8794506100854589
0.638386961175974 0.3979381778273099 -0.6588681919989655 -0.5988808844404981 0.7945201672185378 -0.10039616593672004 0.4835325987482871 0.45867516884011394 0.7455288830335287
0.32093541667469194 -0.712201505582444 0.6243152038593499 0.4831751264071849 0.6900721031363422 0.5388341949935864 -0.8145810306809523 0.12872260065383 0.5655866304428279
0.9555073618552552 0.21821406786179084 -0.19846486345854825 -0.2524637530977037 0.952964851048979 -0.16769032779805426 0.1525376504743408 0.2103345270097302 0.9656560733177009
0.682589680903715 -0.46965659214783395 0.5599053607314792 0.3679497374573171 0.8828235038559865 0.2919514544312642 -0.6314145375495057 0.00673398036248011 0.7754162335672511
0.9952628232511614 0.08168591080119379 -0.05271930036245545 -0.08355030614459193 0.9959170894957223 -0.03418328821974872 0.049711759144817534 0.038426069626607114 0.9980241370707318
0.9461007436116549 0.21619506725794857 -0.24114948855596763 -0.2529949645424434 0.9582096221252977 -0.13352103947566488 0.20220517019512996 0.18733396104237307 0.9612590994037628
0.079046418387446 -0.7683732016949021 0.6351017923587068 0.457082883211014 0.5941137119796868 0.6618943534380878 -0.8859045668781842 0.23797378039364536 0.3981727994596488
0.9978763560847038 0.05467455601736176 -0.03540439084940928 -0.058355177571891244 0.9918800075103206 -0.11299877854153834 0.028938749414347636 0.1148248388878946 0.9929641509927247
0.26650707131311163 -0.7222645510078783 0.6382067841205512 0.45492122472905366 0.6780200007392523 0.5773521957077518 -0.849717988647484 0.13646536906824458 0.509270598811616
0.09399101257881136 -0.7647014300865079 0.6374930684941283 0.46148846733244697 0.6008440386404337 0.6526981199217614 -0.8821530955982407 0.23284794191468106 0.4093748305313097
0.4151424799934715 -0.677075900807681 0.6076388284584333 0.47584374291586656 0.7308689094321925 0.4892886362396089 -0.7753898720209652 0.08601663659353836 0.6255970624902633
0.9996904555068206 0.005006230115763287 0.024370696104002436 -0.0051045100835060255 0.9999790826920049 0.003972172612555629 -0.024350300724487985 -0.004095343512402396 0.9996950990257691
0.5062034321407531 -0.6103257650604889 0.6093115342681862 0.421286938574007 0.7914816276190473 0.44280260673176336 -0.7525127245939851 0.03254679162118457 0.6577729894722831
0.7868007410433118 -0.38028524521450974 0.4861355018570809 0.3060873800538237 0.9243708975407442 0.2277036660914909 -0.5359618546738953 -0.03035747110447927 0.8436962215647639
0.9640959293711561 0.17293783342283797 -0.20152306255359875 -0.20483041098535665 0.9672567034288655 -0.1498631789583204 0.16900751967157204 0.18576053252221914 0.9679511779276498
0.995740224269057 -0.027008926103878707 0.08815851452538924 0.030821759501118894 0.9986345524641707 -0.042178783362500895 -0.08689893505597887 0.04471631173745007 0.9952130558582599
0.8749600914981671 0.2937285510783824 -0.384926456049611 -0.385924976957713 0.9031609617714595 -0.18804836955485915 0.2924153731350451 0.313087552313161 0.9035869820558761
0.9085992662523095 0.28469244551319506 -0.30561018444005006 -0.34222412486887793 0.9269152223125069 -0.15398317766264785 0.23943688463454327 0.24449618016049332 0.939623113893774
0.7910526873943715 -0.3642315882177472 0.49149872422064356 0.3048692121948063 0.9312745875036158 0.19945527349681264 -0.5303681827012825 -0.007936801266733079 0.8477302625032278
0.9803437907530999 0.14951811932901593 -0.1287260032944261 -0.16243062217470194 0.9819980051974476 -0.09641685935650934 0.11199261096957101 0.1154307141992452 0.9869819680762514
0.7379428624100999 -0.4386009060195601 0.5129030873925496 0.35372017090288593 0.8986252761896321 0.2595277512898008 -0.5747367854195706 -0.010092483932541583 0.818276095980843
0.9881330969240251 -0.02726952314323386 0.15116003397352057 0.029216372806512042 0.999516127845562 -0.010673037835835552 -0.15079584318994393 0.014962729836326879 0.9884516833879534
0.8845052747121641 0.2909783547374163 -0.3646669934072257 -0.37826482887676627 0.9048161955296634 -0.19550798332051988 0.2730680102853317 0.3108685403535267 0.9103815751525719
0.34056640374697944 -0.7051880473844909 0.6218716446863438 0.4761349318953109 0.6996836237331077 0.5326709615783037 -0.8107466011448318 0.114684979425189 0.5740533984102411
0.9693361661544346 0.17963846324296068 -0.1676824961310205 -0.20135778148363426 0.9717712331596208 -0.12294598098115654 0.14086319895917188 0.1529401612629507 0.978144603957846
0.5991271955402147 -0.5464539809126014 0.5851791608634809 0.4017905977003129 0.8373869755938814 0.3706040592132763 -0.6925394711955 0.013080514152835612 0.7212613818760538
0.9958317583388031 -0.023477528372883964 0.08813577449224594 0.02036379942489358 0.9991420090399108 0.03606329775094834 -0.08890683189063878 -0.03411819797690494 0.9954554353711563
0.9975505968108991 0.047391283950939896 -0.05144776970579377 -0.05275834102684586 0.9926909428976969 -0.10854146369464748 0.04592781569282429 0.11098990086653304 0.9927597280567555
