{
    "sfm_data_version": "0.3",
    "root_path": "/home/hpc/StructureFromMotion/OpenMVG_OpenMVS/Comparing/image/carpet/vertical/left",
    "views": [
        {
            "key": 0,
            "value": {
                "polymorphic_id": 1073741824,
                "ptr_wrapper": {
                    "id": 2147483649,
                    "data": {
                        "local_path": "",
                        "filename": "ToolBlack1.jpg",
                        "width": 1920,
                        "height": 1080,
                        "id_view": 0,
                        "id_intrinsic": 0,
                        "id_pose": 0
                    }
                }
            }
        },
        {
            "key": 1,
            "value": {
                "polymorphic_id": 1073741824,
                "ptr_wrapper": {
                    "id": 2147483650,
                    "data": {
                        "local_path": "",
                        "filename": "ToolBlack10.jpg",
                        "width": 1920,
                        "height": 1080,
                        "id_view": 1,
                        "id_intrinsic": 0,
                        "id_pose": 1
                    }
                }
            }
        },
        {
            "key": 2,
            "value": {
                "polymorphic_id": 1073741824,
                "ptr_wrapper": {
                    "id": 2147483651,
                    "data": {
                        "local_path": "",
                        "filename": "ToolBlack11.jpg",
                        "width": 1920,
                        "height": 1080,
                        "id_view": 2,
                        "id_intrinsic": 0,
                        "id_pose": 2
                    }
                }
            }
        },
        {
            "key": 3,
            "value": {
                "polymorphic_id": 1073741824,
                "ptr_wrapper": {
                    "id": 2147483652,
                    "data": {
                        "local_path": "",
                        "filename": "ToolBlack12.jpg",
                        "width": 1920,
                        "height": 1080,
                        "id_view": 3,
                        "id_intrinsic": 0,
                        "id_pose": 3
                    }
                }
            }
        },
        {
            "key": 4,
            "value": {
                "polymorphic_id": 1073741824,
                "ptr_wrapper": {
                    "id": 2147483653,
                    "data": {
                        "local_path": "",
                        "filename": "ToolBlack13.jpg",
                        "width": 1920,
                        "height": 1080,
                        "id_view": 4,
                        "id_intrinsic": 0,
                        "id_pose": 4
                    }
                }
            }
        },
        {
            "key": 5,
            "value": {
                "polymorphic_id": 1073741824,
                "ptr_wrapper": {
                    "id": 2147483654,
                    "data": {
                        "local_path": "",
                        "filename": "ToolBlack14.jpg",
                        "width": 1920,
                        "height": 1080,
                        "id_view": 5,
                        "id_intrinsic": 0,
                        "id_pose": 5
                    }
                }
            }
        },
        {
            "key": 6,
            "value": {
                "polymorphic_id": 1073741824,
                "ptr_wrapper": {
                    "id": 2147483655,
                    "data": {
                        "local_path": "",
                        "filename": "ToolBlack15.jpg",
                        "width": 1920,
                        "height": 1080,
                        "id_view": 6,
                        "id_intrinsic": 0,
                        "id_pose": 6
                    }
                }
            }
        },
        {
            "key": 7,
            "value": {
                "polymorphic_id": 1073741824,
                "ptr_wrapper": {
                    "id": 2147483656,
                    "data": {
                        "local_path": "",
                        "filename": "ToolBlack16.jpg",
                        "width": 1920,
                        "height": 1080,
                        "id_view": 7,
                        "id_intrinsic": 0,
                        "id_pose": 7
                    }
                }
            }
        },
        {
            "key": 8,
            "value": {
                "polymorphic_id": 1073741824,
                "ptr_wrapper": {
                    "id": 2147483657,
                    "data": {
                        "local_path": "",
                        "filename": "ToolBlack17.jpg",
                        "width": 1920,
                        "height": 1080,
                        "id_view": 8,
                        "id_intrinsic": 0,
                        "id_pose": 8
                    }
                }
            }
        },
        {
            "key": 9,
            "value": {
                "polymorphic_id": 1073741824,
                "ptr_wrapper": {
                    "id": 2147483658,
                    "data": {
                        "local_path": "",
                        "filename": "ToolBlack18.jpg",
                        "width": 1920,
                        "height": 1080,
                        "id_view": 9,
                        "id_intrinsic": 0,
                        "id_pose": 9
                    }
                }
            }
        },
        {
            "key": 10,
            "value": {
                "polymorphic_id": 1073741824,
                "ptr_wrapper": {
                    "id": 2147483659,
                    "data": {
                        "local_path": "",
                        "filename": "ToolBlack19.jpg",
                        "width": 1920,
                        "height": 1080,
                        "id_view": 10,
                        "id_intrinsic": 0,
                        "id_pose": 10
                    }
                }
            }
        },
        {
            "key": 11,
            "value": {
                "polymorphic_id": 1073741824,
                "ptr_wrapper": {
                    "id": 2147483660,
                    "data": {
                        "local_path": "",
                        "filename": "ToolBlack2.jpg",
                        "width": 1920,
                        "height": 1080,
                        "id_view": 11,
                        "id_intrinsic": 0,
                        "id_pose": 11
                    }
                }
            }
        },
        {
            "key": 12,
            "value": {
                "polymorphic_id": 1073741824,
                "ptr_wrapper": {
                    "id": 2147483661,
                    "data": {
                        "local_path": "",
                        "filename": "ToolBlack20.jpg",
                        "width": 1920,
                        "height": 1080,
                        "id_view": 12,
                        "id_intrinsic": 0,
                        "id_pose": 12
                    }
                }
            }
        },
        {
            "key": 13,
            "value": {
                "polymorphic_id": 1073741824,
                "ptr_wrapper": {
                    "id": 2147483662,
                    "data": {
                        "local_path": "",
                        "filename": "ToolBlack21.jpg",
                        "width": 1920,
                        "height": 1080,
                        "id_view": 13,
                        "id_intrinsic": 0,
                        "id_pose": 13
                    }
                }
            }
        },
        {
            "key": 14,
            "value": {
                "polymorphic_id": 1073741824,
                "ptr_wrapper": {
                    "id": 2147483663,
                    "data": {
                        "local_path": "",
                        "filename": "ToolBlack22.jpg",
                        "width": 1920,
                        "height": 1080,
                        "id_view": 14,
                        "id_intrinsic": 0,
                        "id_pose": 14
                    }
                }
            }
        },
        {
            "key": 15,
            "value": {
                "polymorphic_id": 1073741824,
                "ptr_wrapper": {
                    "id": 2147483664,
                    "data": {
                        "local_path": "",
                        "filename": "ToolBlack23.jpg",
                        "width": 1920,
                        "height": 1080,
                        "id_view": 15,
                        "id_intrinsic": 0,
                        "id_pose": 15
                    }
                }
            }
        },
        {
            "key": 16,
            "value": {
                "polymorphic_id": 1073741824,
                "ptr_wrapper": {
                    "id": 2147483665,
                    "data": {
                        "local_path": "",
                        "filename": "ToolBlack24.jpg",
                        "width": 1920,
                        "height": 1080,
                        "id_view": 16,
                        "id_intrinsic": 0,
                        "id_pose": 16
                    }
                }
            }
        },
        {
            "key": 17,
            "value": {
                "polymorphic_id": 1073741824,
                "ptr_wrapper": {
                    "id": 2147483666,
                    "data": {
                        "local_path": "",
                        "filename": "ToolBlack25.jpg",
                        "width": 1920,
                        "height": 1080,
                        "id_view": 17,
                        "id_intrinsic": 0,
                        "id_pose": 17
                    }
                }
            }
        },
        {
            "key": 18,
            "value": {
                "polymorphic_id": 1073741824,
                "ptr_wrapper": {
                    "id": 2147483667,
                    "data": {
                        "local_path": "",
                        "filename": "ToolBlack26.jpg",
                        "width": 1920,
                        "height": 1080,
                        "id_view": 18,
                        "id_intrinsic": 0,
                        "id_pose": 18
                    }
                }
            }
        },
        {
            "key": 19,
            "value": {
                "polymorphic_id": 1073741824,
                "ptr_wrapper": {
                    "id": 2147483668,
                    "data": {
                        "local_path": "",
                        "filename": "ToolBlack27.jpg",
                        "width": 1920,
                        "height": 1080,
                        "id_view": 19,
                        "id_intrinsic": 0,
                        "id_pose": 19
                    }
                }
            }
        },
        {
            "key": 20,
            "value": {
                "polymorphic_id": 1073741824,
                "ptr_wrapper": {
                    "id": 2147483669,
                    "data": {
                        "local_path": "",
                        "filename": "ToolBlack28.jpg",
                        "width": 1920,
                        "height": 1080,
                        "id_view": 20,
                        "id_intrinsic": 0,
                        "id_pose": 20
                    }
                }
            }
        },
        {
            "key": 21,
            "value": {
                "polymorphic_id": 1073741824,
                "ptr_wrapper": {
                    "id": 2147483670,
                    "data": {
                        "local_path": "",
                        "filename": "ToolBlack29.jpg",
                        "width": 1920,
                        "height": 1080,
                        "id_view": 21,
                        "id_intrinsic": 0,
                        "id_pose": 21
                    }
                }
            }
        },
        {
            "key": 22,
            "value": {
                "polymorphic_id": 1073741824,
                "ptr_wrapper": {
                    "id": 2147483671,
                    "data": {
                        "local_path": "",
                        "filename": "ToolBlack3.jpg",
                        "width": 1920,
                        "height": 1080,
                        "id_view": 22,
                        "id_intrinsic": 0,
                        "id_pose": 22
                    }
                }
            }
        },
        {
            "key": 23,
            "value": {
                "polymorphic_id": 1073741824,
                "ptr_wrapper": {
                    "id": 2147483672,
                    "data": {
                        "local_path": "",
                        "filename": "ToolBlack30.jpg",
                        "width": 1920,
                        "height": 1080,
                        "id_view": 23,
                        "id_intrinsic": 0,
                        "id_pose": 23
                    }
                }
            }
        },
        {
            "key": 24,
            "value": {
                "polymorphic_id": 1073741824,
                "ptr_wrapper": {
                    "id": 2147483673,
                    "data": {
                        "local_path": "",
                        "filename": "ToolBlack31.jpg",
                        "width": 1920,
                        "height": 1080,
                        "id_view": 24,
                        "id_intrinsic": 0,
                        "id_pose": 24
                    }
                }
            }
        },
        {
            "key": 25,
            "value": {
                "polymorphic_id": 1073741824,
                "ptr_wrapper": {
                    "id": 2147483674,
                    "data": {
                        "local_path": "",
                        "filename": "ToolBlack32.jpg",
                        "width": 1920,
                        "height": 1080,
                        "id_view": 25,
                        "id_intrinsic": 0,
                        "id_pose": 25
                    }
                }
            }
        },
        {
            "key": 26,
            "value": {
                "polymorphic_id": 1073741824,
                "ptr_wrapper": {
                    "id": 2147483675,
                    "data": {
                        "local_path": "",
                        "filename": "ToolBlack33.jpg",
                        "width": 1920,
                        "height": 1080,
                        "id_view": 26,
                        "id_intrinsic": 0,
                        "id_pose": 26
                    }
                }
            }
        },
        {
            "key": 27,
            "value": {
                "polymorphic_id": 1073741824,
                "ptr_wrapper": {
                    "id": 2147483676,
                    "data": {
                        "local_path": "",
                        "filename": "ToolBlack34.jpg",
                        "width": 1920,
                        "height": 1080,
                        "id_view": 27,
                        "id_intrinsic": 0,
                        "id_pose": 27
                    }
                }
            }
        },
        {
            "key": 28,
            "value": {
                "polymorphic_id": 1073741824,
                "ptr_wrapper": {
                    "id": 2147483677,
                    "data": {
                        "local_path": "",
                        "filename": "ToolBlack35.jpg",
                        "width": 1920,
                        "height": 1080,
                        "id_view": 28,
                        "id_intrinsic": 0,
                        "id_pose": 28
                    }
                }
            }
        },
        {
            "key": 29,
            "value": {
                "polymorphic_id": 1073741824,
                "ptr_wrapper": {
                    "id": 2147483678,
                    "data": {
                        "local_path": "",
                        "filename": "ToolBlack36.jpg",
                        "width": 1920,
                        "height": 1080,
                        "id_view": 29,
                        "id_intrinsic": 0,
                        "id_pose": 29
                    }
                }
            }
        },
        {
            "key": 30,
            "value": {
                "polymorphic_id": 1073741824,
                "ptr_wrapper": {
                    "id": 2147483679,
                    "data": {
                        "local_path": "",
                        "filename": "ToolBlack37.jpg",
                        "width": 1920,
                        "height": 1080,
                        "id_view": 30,
                        "id_intrinsic": 0,
                        "id_pose": 30
                    }
                }
            }
        },
        {
            "key": 31,
            "value": {
                "polymorphic_id": 1073741824,
                "ptr_wrapper": {
                    "id": 2147483680,
                    "data": {
                        "local_path": "",
                        "filename": "ToolBlack38.jpg",
                        "width": 1920,
                        "height": 1080,
                        "id_view": 31,
                        "id_intrinsic": 0,
                        "id_pose": 31
                    }
                }
            }
        },
        {
            "key": 32,
            "value": {
                "polymorphic_id": 1073741824,
                "ptr_wrapper": {
                    "id": 2147483681,
                    "data": {
                        "local_path": "",
                        "filename": "ToolBlack39.jpg",
                        "width": 1920,
                        "height": 1080,
                        "id_view": 32,
                        "id_intrinsic": 0,
                        "id_pose": 32
                    }
                }
            }
        },
        {
            "key": 33,
            "value": {
                "polymorphic_id": 1073741824,
                "ptr_wrapper": {
                    "id": 2147483682,
                    "data": {
                        "local_path": "",
                        "filename": "ToolBlack4.jpg",
                        "width": 1920,
                        "height": 1080,
                        "id_view": 33,
                        "id_intrinsic": 0,
                        "id_pose": 33
                    }
                }
            }
        },
        {
            "key": 34,
            "value": {
                "polymorphic_id": 1073741824,
                "ptr_wrapper": {
                    "id": 2147483683,
                    "data": {
                        "local_path": "",
                        "filename": "ToolBlack40.jpg",
                        "width": 1920,
                        "height": 1080,
                        "id_view": 34,
                        "id_intrinsic": 0,
                        "id_pose": 34
                    }
                }
            }
        },
        {
            "key": 35,
            "value": {
                "polymorphic_id": 1073741824,
                "ptr_wrapper": {
                    "id": 2147483684,
                    "data": {
                        "local_path": "",
                        "filename": "ToolBlack41.jpg",
                        "width": 1920,
                        "height": 1080,
                        "id_view": 35,
                        "id_intrinsic": 0,
                        "id_pose": 35
                    }
                }
            }
        },
        {
            "key": 36,
            "value": {
                "polymorphic_id": 1073741824,
                "ptr_wrapper": {
                    "id": 2147483685,
                    "data": {
                        "local_path": "",
                        "filename": "ToolBlack42.jpg",
                        "width": 1920,
                        "height": 1080,
                        "id_view": 36,
                        "id_intrinsic": 0,
                        "id_pose": 36
                    }
                }
            }
        },
        {
            "key": 37,
            "value": {
                "polymorphic_id": 1073741824,
                "ptr_wrapper": {
                    "id": 2147483686,
                    "data": {
                        "local_path": "",
                        "filename": "ToolBlack5.jpg",
                        "width": 1920,
                        "height": 1080,
                        "id_view": 37,
                        "id_intrinsic": 0,
                        "id_pose": 37
                    }
                }
            }
        },
        {
            "key": 38,
            "value": {
                "polymorphic_id": 1073741824,
                "ptr_wrapper": {
                    "id": 2147483687,
                    "data": {
                        "local_path": "",
                        "filename": "ToolBlack6.jpg",
                        "width": 1920,
                        "height": 1080,
                        "id_view": 38,
                        "id_intrinsic": 0,
                        "id_pose": 38
                    }
                }
            }
        },
        {
            "key": 39,
            "value": {
                "polymorphic_id": 1073741824,
                "ptr_wrapper": {
                    "id": 2147483688,
                    "data": {
                        "local_path": "",
                        "filename": "ToolBlack7.jpg",
                        "width": 1920,
                        "height": 1080,
                        "id_view": 39,
                        "id_intrinsic": 0,
                        "id_pose": 39
                    }
                }
            }
        },
        {
            "key": 40,
            "value": {
                "polymorphic_id": 1073741824,
                "ptr_wrapper": {
                    "id": 2147483689,
                    "data": {
                        "local_path": "",
                        "filename": "ToolBlack8.jpg",
                        "width": 1920,
                        "height": 1080,
                        "id_view": 40,
                        "id_intrinsic": 0,
                        "id_pose": 40
                    }
                }
            }
        },
        {
            "key": 41,
            "value": {
                "polymorphic_id": 1073741824,
                "ptr_wrapper": {
                    "id": 2147483690,
                    "data": {
                        "local_path": "",
                        "filename": "ToolBlack9.jpg",
                        "width": 1920,
                        "height": 1080,
                        "id_view": 41,
                        "id_intrinsic": 0,
                        "id_pose": 41
                    }
                }
            }
        }
    ],
    "intrinsics": [],
    "extrinsics": [
        {
            "key": 0,
            "value": {
                "rotation": [
                    [
                        0.8066073401915598,
                        0.38354541005754247,
                        -0.4497527289221143
                    ],
                    [
                        -0.4441284001101367,
                        0.895356400391504,
                        -0.032967870625490777
                    ],
                    [
                        0.3900443089761823,
                        0.22634008637835324,
                        0.892544453981723
                    ]
                ],
                "center": [
                    -0.6404144920471945,
                    -0.24467357329114329,
                    1.1387703864551957
                ]
            }
        },
        {
            "key": 1,
            "value": {
                "rotation": [
                    [
                        0.30965536579966027,
                        0.4633227969158221,
                        -0.8303285736921129
                    ],
                    [
                        -0.8164352404008602,
                        0.5771691557800125,
                        0.017585899117680785
                    ],
                    [
                        0.487387989863382,
                        0.6724639406498222,
                        0.556996585144509
                    ]
                ],
                "center": [
                    -1.150463855970511,
                    -0.803283916819615,
                    1.7580770429631255
                ]
            }
        },
        {
            "key": 2,
            "value": {
                "rotation": [
                    [
                        0.19727286289258878,
                        0.4650309825524282,
                        -0.8630351110079385
                    ],
                    [
                        -0.8453207066927853,
                        0.526539618008431,
                        0.09049272624882859
                    ],
                    [
                        0.4965040990793246,
                        0.7116896907598553,
                        0.4969722966761522
                    ]
                ],
                "center": [
                    -1.1527974616860695,
                    -0.8933636989170947,
                    1.8452498897831893
                ]
            }
        },
        {
            "key": 3,
            "value": {
                "rotation": [
                    [
                        0.03103767983413165,
                        0.3679534553621849,
                        -0.9293260553312506
                    ],
                    [
                        -0.8983044127944484,
                        0.417962952447151,
                        0.13548487862371265
                    ],
                    [
                        0.43827599111123508,
                        0.8306125601438311,
                        0.34350681295539889
                    ]
                ],
                "center": [
                    -1.0853356230583784,
                    -1.0668733237594737,
                    2.1399284958357858
                ]
            }
        },
        {
            "key": 4,
            "value": {
                "rotation": [
                    [
                        -0.012679343532742046,
                        0.39044622774243467,
                        -0.9205384171718645
                    ],
                    [
                        -0.8957554073313891,
                        0.4046868604801761,
                        0.1839858559544062
                    ],
                    [
                        0.4443663854120333,
                        0.8269100847107872,
                        0.3446131560452139
                    ]
                ],
                "center": [
                    -1.2156148564479712,
                    -1.0796493311765292,
                    2.0870268034199106
                ]
            }
        },
        {
            "key": 5,
            "value": {
                "rotation": [
                    [
                        -0.1122929775461233,
                        0.38082358859789869,
                        -0.9178037271449949
                    ],
                    [
                        -0.8721787466089502,
                        0.404795487558278,
                        0.2746722541795892
                    ],
                    [
                        0.47612448073740817,
                        0.8313326696454764,
                        0.28669054958728409
                    ]
                ],
                "center": [
                    -1.2694361339632317,
                    -1.1513875789508082,
                    2.0795322179131205
                ]
            }
        },
        {
            "key": 6,
            "value": {
                "rotation": [
                    [
                        -0.053992239173057589,
                        0.3961012034374275,
                        -0.9166180637236543
                    ],
                    [
                        -0.8697518375129871,
                        0.4322850890994774,
                        0.23803643184403418
                    ],
                    [
                        0.49052683846234337,
                        0.810082365181269,
                        0.32116970960920268
                    ]
                ],
                "center": [
                    -1.2889407664057946,
                    -1.111865608765551,
                    2.029152103217674
                ]
            }
        },
        {
            "key": 7,
            "value": {
                "rotation": [
                    [
                        -0.0649757824443913,
                        0.3669353520464178,
                        -0.9279744582230216
                    ],
                    [
                        -0.8725213900350921,
                        0.43037309864533987,
                        0.23126915032844085
                    ],
                    [
                        0.48423607014241479,
                        0.8247044582036524,
                        0.2921951145930581
                    ]
                ],
                "center": [
                    -1.151269787974788,
                    -1.0443526451945016,
                    2.033666445620686
                ]
            }
        },
        {
            "key": 8,
            "value": {
                "rotation": [
                    [
                        0.29142933717023597,
                        0.4554475598174699,
                        -0.8412113062083921
                    ],
                    [
                        -0.8173756858950385,
                        0.5754063507433521,
                        0.028364055278360758
                    ],
                    [
                        0.4969566676724766,
                        0.6793195505655132,
                        0.5399620529957054
                    ]
                ],
                "center": [
                    -1.1248614369986208,
                    -0.8781686770271363,
                    1.8844960335997212
                ]
            }
        },
        {
            "key": 9,
            "value": {
                "rotation": [
                    [
                        0.30554435997456588,
                        0.42846149874788966,
                        -0.8503313402306452
                    ],
                    [
                        -0.7994383771498546,
                        0.6005520530354758,
                        0.01534642417249318
                    ],
                    [
                        0.5172435840372889,
                        0.675098493321965,
                        0.5260238579063433
                    ]
                ],
                "center": [
                    -1.3049998586020347,
                    -0.9095435071310162,
                    1.7887262167756209
                ]
            }
        },
        {
            "key": 10,
            "value": {
                "rotation": [
                    [
                        0.3822751321681858,
                        0.449464589111888,
                        -0.8073706128292494
                    ],
                    [
                        -0.7639115132662295,
                        0.6453163570243278,
                        -0.0024493379002203548
                    ],
                    [
                        0.5199085719865516,
                        0.6176960275826063,
                        0.5900395700998136
                    ]
                ],
                "center": [
                    -1.339681112344178,
                    -0.8236609488875344,
                    1.6421184414031179
                ]
            }
        },
        {
            "key": 11,
            "value": {
                "rotation": [
                    [
                        0.7678876485045529,
                        0.3823181561763178,
                        -0.5139857845622669
                    ],
                    [
                        -0.464490792230251,
                        0.884855634269805,
                        -0.035760459089544279
                    ],
                    [
                        0.44113134462137479,
                        0.26620167910612788,
                        0.8570529755117918
                    ]
                ],
                "center": [
                    -0.7221187622938505,
                    -0.2961155805964413,
                    1.1860608541935965
                ]
            }
        },
        {
            "key": 12,
            "value": {
                "rotation": [
                    [
                        0.44167953741529789,
                        0.4674458772053425,
                        -0.7657764282819994
                    ],
                    [
                        -0.7267519030341926,
                        0.6869000330058736,
                        0.000126857042593557
                    ],
                    [
                        0.5260711526635802,
                        0.5564734463927795,
                        0.6431068696530573
                    ]
                ],
                "center": [
                    -1.2894896172210145,
                    -0.6626916590854576,
                    1.4477755939820665
                ]
            }
        },
        {
            "key": 13,
            "value": {
                "rotation": [
                    [
                        0.4518007499655578,
                        0.4622723000797631,
                        -0.7630074723811852
                    ],
                    [
                        -0.7229938769103239,
                        0.6907878762907375,
                        -0.009589782057600884
                    ],
                    [
                        0.5226432208311316,
                        0.5559824012940502,
                        0.6463185229981907
                    ]
                ],
                "center": [
                    -1.1999707585969322,
                    -0.667593075659514,
                    1.516492864470251
                ]
            }
        },
        {
            "key": 14,
            "value": {
                "rotation": [
                    [
                        0.5053804466358748,
                        0.44462451403828825,
                        -0.7395266362169384
                    ],
                    [
                        -0.7009926860574507,
                        0.7113149258877642,
                        -0.051384144473222977
                    ],
                    [
                        0.503189684166999,
                        0.5443713050166225,
                        0.6711631873266107
                    ]
                ],
                "center": [
                    -1.0881334042461526,
                    -0.6875878474591446,
                    1.6225993083040729
                ]
            }
        },
        {
            "key": 15,
            "value": {
                "rotation": [
                    [
                        0.6698169125204163,
                        0.4098274947308654,
                        -0.6191823061621183
                    ],
                    [
                        -0.5902454766117998,
                        0.7998131363347978,
                        -0.10912939240004577
                    ],
                    [
                        0.45050591676572468,
                        0.43856626809288065,
                        0.7776271905290847
                    ]
                ],
                "center": [
                    -0.9887541316081747,
                    -0.5271519239674172,
                    1.4638198292356657
                ]
            }
        },
        {
            "key": 16,
            "value": {
                "rotation": [
                    [
                        0.6654030626763824,
                        0.3982208540642619,
                        -0.6313944215537702
                    ],
                    [
                        -0.5845085754875253,
                        0.8040494055062203,
                        -0.10887735617031468
                    ],
                    [
                        0.4643150755278513,
                        0.44150278016499908,
                        0.7677804411054909
                    ]
                ],
                "center": [
                    -1.0671897683181615,
                    -0.5091287494845176,
                    1.381286482690875
                ]
            }
        },
        {
            "key": 17,
            "value": {
                "rotation": [
                    [
                        0.7694096694869144,
                        0.3793257041872965,
                        -0.5139268144812536
                    ],
                    [
                        -0.49520450948442099,
                        0.8624289453898856,
                        -0.10482751518558339
                    ],
                    [
                        0.403461589604675,
                        0.3351541798881543,
                        0.8514049691052827
                    ]
                ],
                "center": [
                    -1.0565209696437548,
                    -0.43998907533539657,
                    1.26775739716432
                ]
            }
        },
        {
            "key": 18,
            "value": {
                "rotation": [
                    [
                        0.7951437561972214,
                        0.39694531072448488,
                        -0.4584548257728519
                    ],
                    [
                        -0.48118248354667966,
                        0.8730883534979258,
                        -0.0786138951721025
                    ],
                    [
                        0.3690661519408454,
                        0.28310977955578139,
                        0.8852338833390042
                    ]
                ],
                "center": [
                    -0.8795358224392377,
                    -0.28574650751113569,
                    1.1515370910428276
                ]
            }
        },
        {
            "key": 19,
            "value": {
                "rotation": [
                    [
                        0.8215869555469365,
                        0.3713164531812509,
                        -0.4325724980532304
                    ],
                    [
                        -0.4429147886216982,
                        0.8934819585147139,
                        -0.07427300875087353
