%YAML:1.0
---
K: !!opencv-matrix
   rows: 3
   cols: 3
   dt: d
   data: [ 9.5971160723108721e+02, 0., 9.6055043729890588e+02, 0.,
       9.6132797478587622e+02, 5.4029398159070877e+02, 0., 0., 1. ]
D: !!opencv-matrix
   rows: 1
   cols: 5
   dt: d
   data: [ 7.3166520138576770e-03, -8.2875850280479196e-02,
       9.4918855815189523e-05, 2.4066111259195101e-04,
       2.7776018336345953e-01 ]
board_width: 7
board_height: 7
square_size: 1.1999999731779099e-01
