[{"pose": {"center": [-0.9195525446755007, -0.1908860992239238, -0.08012466546842388], "rotation": [[0.12165843431973586, 0.9778413316576593, 0.17036888055289487], [0.6283765636036085, 0.05699092760187973, -0.7758188760817811], [-0.7683372434501604, 0.20144072148662812, -0.6075191487141421]]}, "image": "ToolBlack1.jpg"}, {"pose": {"center": [-1.897360510208442, -1.1859383525630574, 1.0000752220851516], "rotation": [[-0.3515802024982694, 0.934902584140417, -0.048461524726805774], [0.21571019933561222, 0.030529334748876924, -0.9759800559552342], [-0.9109667782712313, -0.3535889108659405, -0.21240153247745586]]}, "image": "ToolBlack10.jpg"}, {"pose": {"center": [-1.9098842600989179, -1.3551541435789238, 1.1508235580592303], "rotation": [[-0.4159713299154806, 0.9091423411235954, -0.020689520648261888], [0.1182777829533629, 0.03153107497198979, -0.9924798019963672], [-0.9016530478781645, -0.41529025378332607, -0.12064736368689222]]}, "image": "ToolBlack11.jpg"}, {"pose": {"center": [-1.8020114002100551, -1.6946027599251834, 1.6707224137300032], "rotation": [[-0.5487074037868833, 0.8334127072924372, -0.06590481282083309], [0.0010782528469421202, -0.07812658357922048, -0.996942864114608], [-0.836013769264751, -0.5471009927442374, 0.041970005218177175]]}, "image": "ToolBlack12.jpg"}, {"pose": {"center": [-2.0397340604364174, -1.6997197705175318, 1.576495349653239], "rotation": [[-0.5609247746965943, 0.8276246959467441, -0.020018985754401572], [-0.039893025101945395, -0.05117510896581333, -0.997892606832295], [-0.8269050390944481, -0.5589440677575864, 0.06172183923711584]]}, "image": "ToolBlack13.jpg"}, {"pose": {"center": [-2.144492805408233, -1.8226367194244035, 1.5589568889557612], "rotation": [[-0.565442736138727, 0.8239297018610605, 0.037607958454216536], [-0.1461620519786475, -0.055223412287052395, -0.9877180920165258], [-0.8117334332829599, -0.5639948768619433, 0.15165293325267568]]}, "image": "ToolBlack14.jpg"}, {"pose": {"center": [-2.174307236682353, -1.744208074011998, 1.4732946666619875], "rotation": [[-0.5355070692897355, 0.8442979657435621, 0.019827349343820865], [-0.10089799202134288, -0.040651401609601956, -0.9940659227401554], [-0.8384818268434802, -0.5343298687032745, 0.10695708234970788]]}, "image": "ToolBlack15.jpg"}, {"pose": {"center": [-1.9219505613728383, -1.640481653071356, 1.4794226134641495], "rotation": [[-0.5445642392496628, 0.8387190953498632, -0.00026158353083368145], [-0.10925102206585059, -0.07124381581037115, -0.9914577816963996], [-0.8315732099508758, -0.5398838743695591, 0.13042775275113588]]}, "image": "ToolBlack16.jpg"}, {"pose": {"center": [-1.8581979995560312, -1.3325837745010167, 1.2219295287083505], "rotation": [[-0.35583817212033475, 0.9332513671027681, -0.04920448214212025], [0.19491396772602093, 0.02261974571469857, -0.9805594792204616], [-0.9139954816339954, -0.3585111335853014, -0.18995269581667892]]}, "image": "ToolBlack17.jpg"}, {"pose": {"center": [-2.1811508109723516, -1.36658978344858, 1.0517821358990498], "rotation": [[-0.32804947910828647, 0.941954305247518, -0.07145366388400226], [0.1952530308623324, -0.006395472779038446, -0.9807320489649588], [-0.9242617557790949, -0.33568018224732715, -0.1818214015195857]]}, "image": "ToolBlack18.jpg"}, {"pose": {"center": [-2.2400967821132416, -1.188877558164728, 0.7973777868390585], "rotation": [[-0.26587532618044296, 0.9629863249969194, -0.044358187489696915], [0.25478720926033105, 0.02581831396045215, -0.966652415639444], [-0.9297278036746969, -0.2683109251095969, -0.2522210509474915]]}, "image": "ToolBlack19.jpg"}, {"pose": {"center": [-1.0713508718968714, -0.27861059073206607, 0.00011126451278168826], "rotation": [[0.10848017962144049, 0.9853439722916351, 0.13164082534625074], [0.575074507056338, 0.0458137581092544, -0.8168172444934162], [-0.8108769092551658, 0.1643117641450202, -0.5616763144377207]]}, "image": "ToolBlack2.jpg"}, {"pose": {"center": [-2.135536224146053, -0.889603588044032, 0.45635385166409664], "rotation": [[-0.20804740830109267, 0.9780966813127567, -0.006569467571289695], [0.29956395137138025, 0.057322609274534114, -0.9523526434597244], [-0.9311163809846564, -0.20010247492455216, -0.30492832697390615]]}, "image": "ToolBlack20.jpg"}, {"pose": {"center": [-1.974334486201736, -0.9124300837554452, 0.5758464089154903], "rotation": [[-0.2022473721018569, 0.9792549180877279, -0.012482222514082639], [0.30905839950206715, 0.05172574380916973, -0.949635379040087], [-0.9292894630711758, -0.19591899557823958, -0.3131083534441394]]}, "image": "ToolBlack21.jpg"}, {"pose": {"center": [-1.7737545333994782, -0.9714623003936315, 0.7621402387436401], "rotation": [[-0.1706545076507516, 0.98484201374368, -0.031036220513672965], [0.3598383272319846, 0.03296860481521554, -0.932432007897319], [-0.917274995447585, -0.17029174689876198, -0.36001014383597774]]}, "image": "ToolBlack22.jpg"}, {"pose": {"center": [-1.5762654812390826, -0.6847261080208963, 0.48449611773220275], "rotation": [[-0.03298462453103089, 0.9994538647046687, 0.001996715164749701], [0.5066010206223032, 0.018441251132410734, -0.8619833676824122], [-0.861549430067125, -0.027420659794644, -0.5069326256687753]]}, "image": "ToolBlack23.jpg"}, {"pose": {"center": [-1.7170957750571172, -0.6350551070461047, 0.338046807666145], "rotation": [[-0.0245500214922415, 0.9996835934702863, -0.005478082791115044], [0.49462329048564485, 0.007384478073918924, -0.8690761013816511], [-0.8687606672460975, -0.024045424303007334, -0.4946480775422103]]}, "image": "ToolBlack24.jpg"}, {"pose": {"center": [-1.6892506351455572, -0.5040624598367865, 0.13892684768904706], "rotation": [[0.06884112414106025, 0.9951232116931769, 0.07064483828598206], [0.5968717253613133, 0.015657187544946133, -0.8021838915999199], [-0.7993779100595692, 0.09738914738121375, -0.5928830499189162]]}, "image": "ToolBlack25.jpg"}, {"pose": {"center": [-1.3528180458310268, -0.2379888366245846, -0.06038315545472915], "rotation": [[0.07835788122665249, 0.9889728661069247, 0.1256690596524271], [0.6343411734019647, 0.047784394959386335, -0.7715749654605083], [-0.7690717249884362, 0.1401760382612548, -0.6236019244042555]]}, "image": "ToolBlack26.jpg"}, {"pose": {"center": [-1.2883943801886344, -0.41784153643893684, 0.13366084304895362], "rotation": [[0.11677020687482262, 0.9827431841392738, 0.1434592374656063], [0.6537502020853801, 0.03268123844702436, -0.7560043716321315], [-0.7476465689480132, 0.18206529235790858, -0.6386523602546955]]}, "image": "ToolBlack27.jpg"}, {"pose": {"center": [-0.9028585464995125, -0.23647316838256063, 0.11414580202863095], "rotation": [[0.20799353499398293, 0.955362649232125, 0.2098115770230116], [0.7908628261569131, -0.03803717125365141, -0.610810251883612], [-0.5755646615314459, 0.292976760264695, -0.7634722904866921]]}, "image": "ToolBlack28.jpg"}, {"pose": {"center": [-0.911014944683041, -0.1717339821564274, 0.0111387559383641], "rotation": [[0.23581897081215758, 0.9471317417212728, 0.217556606034208], [0.8046378074328375, -0.06476597879495065, -0.5902231500376858], [-0.5449288135662963, 0.3142400862632911, -0.7773710544717165]]}, "image": "ToolBlack29.jpg"}, {"pose": {"center": [-1.2427886192277215, -0.3537329458813505, 0.0523799689850059], "rotation": [[0.07541660118211657, 0.9931095882134227, 0.08969772608435611], [0.5287294745301111, 0.03644048164717292, -0.8480078030657708], [-0.8454333084455866, 0.1113796978622613, -0.5223380934556288]]}, "image": "ToolBlack3.jpg"}, {"pose": {"center": [-0.9327274326194812, -0.19647396670840098, 0.052203776625722786], "rotation": [[0.24632298808739006, 0.934397347103882, 0.2573452608169181], [0.8393916771404606, -0.07293737709183153, -0.5386109462035555], [-0.48450655092271455, 0.3486857277666981, -0.8022915089696411]]}, "image": "ToolBlack30.jpg"}, {"pose": {"center": [-0.454160734903915, 0.02804984914985997, -0.04811764452160319], "rotation": [[0.3118971589791878, 0.8941691304773368, 0.3212191282008517], [0.8725416793338308, -0.13576437170637282, -0.4692963383625242], [-0.37602018568955875, 0.4266492722091267, -0.8225443565409787]]}, "image": "ToolBlack31.jpg"}, {"pose": {"center": [-0.35140607666013635, -0.06150894618675218, 0.0868393089001041], "rotation": [[0.3289891147169287, 0.8809144148621043, 0.3402292698841889], [0.8685093557025155, -0.1408024047636965, -0.4752538078437269], [-0.3707528306769531, 0.45184563348661094, -0.8114048693741678]]}, "image": "ToolBlack32.jpg"}, {"pose": {"center": [-0.00820204302354641, 0.005975002903747835, 0.15270179666163625], "rotation": [[0.3677998040918539, 0.8396870534161485, 0.399560954593039], [0.9026478486677859, -0.21911148043925824, -0.37042815826437275], [-0.22349533642877786, 0.4969062401147956, -0.8385308719001138]]}, "image": "ToolBlack33.jpg"}, {"pose": {"center": [-0.008136980373937917, 0.010981671917462117, 0.12595862282533313], "rotation": [[0.36552485072971574, 0.8589609402623939, 0.3585773091016273], [0.88120366393373, -0.19526553498484667, -0.4305246491396889], [-0.2997860673360084, 0.4733470966960992, -0.8282939332631771]]}, "image": "ToolBlack34.jpg"}, {"pose": {"center": [0.18813230732151542, -0.003987916316736649, 0.20119808104766612], "rotation": [[0.4085651602078645, 0.787940070471058, 0.4606787983078738], [0.9054711102304126, -0.2863760137637887, -0.31322651113669614], [-0.11487636137355066, 0.5451047826673571, -0.8304602323475504]]}, "image": "ToolBlack35.jpg"}, {"pose": {"center": [0.5512116908329857, 0.12785234056838496, 0.24200956417081215], "rotation": [[0.42797088850429427, 0.7366111018231627, 0.5236840681782402], [0.9037914485638513, -0.34791336270580125, -0.24923344389065738], [-0.0013914365601329557, 0.5799658409954919, -0.8146396057046892]]}, "image": "ToolBlack36.jpg"}, {"pose": {"center": [0.5002712079270611, 0.05946416648728636, 0.3488925313013824], "rotation": [[0.4711254736516907, 0.6942834601758919, 0.5440691729942629], [0.8763265434718773, -0.4386657946845945, -0.19905805630610782], [0.1004618200268263, 0.5705635788410649, -0.8150856551412089]]}, "image": "ToolBlack37.jpg"}, {"pose": {"center": [0.8107331446593413, 0.08579424405173759, 0.47451758690709483], "rotation": [[0.4674169466159955, 0.6573524755457573, 0.5911083833867057], [0.8604602463931509, -0.4916849574392204, -0.13361911167580315], [0.2028042464871444, 0.5710811024030271, -0.7954475545785059]]}, "image": "ToolBlack38.jpg"}, {"pose": {"center": [0.7858671480709332, 0.041686760893444606, 0.4315775071890896], "rotation": [[0.46492306403856865, 0.6626130262264058, 0.5871886596317013], [0.866329452060838, -0.4772219175444339, -0.147419543844031], [0.1825371880383765, 0.5772375757782044, -0.7959126560702151]]}, "image": "ToolBlack39.jpg"}, {"pose": {"center": [-1.3983468006695317, -0.5048869548511946, 0.19164954759568215], "rotation": [[-0.005006340324387501, 0.9980420479060683, 0.062345867289006235], [0.46079604462123064, 0.05763528420488412, -0.8856326435244196], [-0.8874919390157783, 0.02429495062938384, -0.46018236988821126]]}, "image": "ToolBlack4.jpg"}, {"pose": {"center": [0.8017129480362678, -0.07338602326985347, 0.5667356168684603], "rotation": [[0.4398740397415517, 0.6314295223173958, 0.6385981424240706], [0.8587979963350546, -0.5037111762116256, -0.09349359577210058], [0.2626344049288745, 0.5895522108393167, -0.7638398785361564]]}, "image": "ToolBlack40.jpg"}, {"pose": {"center": [1.1193638661929082, -0.1668882315092776, 0.8565380151747058], "rotation": [[0.4220243831183768, 0.5730868483666672, 0.7024719811371231], [0.7984915627673179, -0.6018994074182525, 0.011328174564490864], [0.4293094970332715, 0.5561371841359983, -0.7116212392687016]]}, "image": "ToolBlack41.jpg"}, {"pose": {"center": [1.1117551360130604, -0.21769842589194455, 0.9647191921271366], "rotation": [[0.4180813061872239, 0.5656442218005835, 0.7108126586945379], [0.7932942476583572, -0.6085811928901371, 0.01769656160330304], [0.442597173566378, 0.5564849917149881, -0.703158727420078]]}, "image": "ToolBlack42.jpg"}, {"pose": {"center": [-1.5301389299376529, -0.5557926720242431, 0.23003863761442367], "rotation": [[-0.047607460645524936, 0.9983435794460045, 0.03230521737776292], [0.39775482335110796, 0.0486147565812441, -0.9162028737913213], [-0.9162557667986674, -0.030768536225926124, -0.3994103991969916]]}, "image": "ToolBlack5.jpg"}, {"pose": {"center": [-1.717097341927003, -0.7158290506269366, 0.39762986469202855], "rotation": [[-0.10417612246791587, 0.9943261362442123, 0.02151442049432196], [0.4033547072739829, 0.062013157514305015, -0.9129399478689856], [-0.9090942281345041, -0.08642860103439574, -0.407526417911487]]}, "image": "ToolBlack6.jpg"}, {"pose": {"center": [-1.867431525695533, -0.842986787799738, 0.5433440167352361], "rotation": [[-0.15200766528406887, 0.9883723226200308, 0.0037177376955148827], [0.37393287561762495, 0.060990413916415784, -0.9254482016529281], [-0.9149141348931169, -0.139285036127326, -0.3788559152023222]]}, "image": "ToolBlack7.jpg"}, {"pose": {"center": [-1.8569707237895718, -1.0317747764693468, 0.8031972864898229], "rotation": [[-0.22124985813015405, 0.9751034511191332, -0.014891604780656709], [0.35568226030691885, 0.0664668892419117, -0.9322404637954014], [-0.9080410948742068, -0.21155475000590315, -0.361532789342256]]}, "image": "ToolBlack8.jpg"}, {"pose": {"center": [-1.9747038126403855, -1.1375629174485793, 0.875387046703908], "rotation": [[-0.2928531965381647, 0.9561184756381447, -0.008629358074044736], [0.24444736777634696, 0.06614150636638153, -0.967404147976843], [-0.9243822205476449, -0.2854168209460981, -0.2530903962153219]]}, "image": "ToolBlack9.jpg"}]