{"ToolBlack6.jpg": {"angles": [[0.23846638464426595], [-0.714989032385316], [-0.6153771363767861]], "center": [-1.717097341927003, -0.7158290506269366, 0.39762986469202855], "rotation": [[0.5890666636985548, 0.44403553861373546, -0.6751539870037528], [-0.6015018021348378, 0.7988712202403132, 0.0005962384551247763], [0.5396258405113642, 0.405755115703749, 0.7376765811198299]]}, "ToolBlack20.jpg": {"angles": [[0.28875468845089497], [-0.8211131934973912], [-0.7170403756749385]], "center": [-2.135536224146053, -0.889603588044032, 0.45635385166409664], "rotation": [[0.46617499203203183, 0.46792710595739, -0.7508162893240106], [-0.6809409971349943, 0.7315874694422598, 0.03315317444634633], [0.5648010580945599, 0.49580641188412616, 0.6596785328550973]]}, "ToolBlack29.jpg": {"angles": [[0.09274874814080875], [-0.20204651507806426], [-0.20781274568476854]], "center": [-0.911014944683041, -0.1717339821564274, 0.0111387559383641], "rotation": [[0.9583187090340782, 0.19532224142682003, -0.2085053330715085], [-0.21391762395584582, 0.9743049917967532, -0.07049136912426826], [0.18937925460921795, 0.11215616328999282, 0.9754775717358782]]}, "ToolBlack8.jpg": {"angles": [[0.31082122762915976], [-0.7605159348497806], [-0.7201661109962502]], "center": [-1.8569707237895718, -1.0317747764693468, 0.8031972864898229], "rotation": [[0.5039231564388917, 0.4783149024271847, -0.7192192339758003], [-0.6921022131879556, 0.7217828483517221, -0.004903705293797223], [0.5167745919692627, 0.5002443142518939, 0.6947658937754894]]}, "ToolBlack25.jpg": {"angles": [[0.18485757399858155], [-0.5050233897428387], [-0.42607558399204626]], "center": [-1.6892506351455572, -0.5040624598367865, 0.13892684768904706], "rotation": [[0.7901359461399162, 0.34854772886384144, -0.5041821767193259], [-0.43829969652287176, 0.8963090130827492, -0.06725718619290147], [0.4284606897319029, 0.27412521549555807, 0.8609743338706305]]}, "ToolBlack21.jpg": {"angles": [[0.2931264846026794], [-0.8140231275542295], [-0.7081276964400898]], "center": [-1.974334486201736, -0.9124300837554452, 0.5758464089154903], "rotation": [[0.4761193177343793, 0.46216705003461495, -0.7481390332969207], [-0.6769362110657525, 0.7356615240104027, 0.023653503728513353], [0.5613089714480718, 0.49518051249316497, 0.663120274625135]]}, "ToolBlack18.jpg": {"angles": [[0.39266072490474546], [-0.945133401819775], [-0.8115283949474199]], "center": [-2.1811508109723516, -1.36658978344858, 1.0517821358990498], "rotation": [[0.3283000097585777, 0.43904824206432597, -0.8363347085543819], [-0.7603141476700735, 0.6482073141325929, 0.04182911375751981], [0.5604832740102486, 0.6221446126466378, 0.5466210575064939]]}, "ToolBlack24.jpg": {"angles": [[0.2563105379423775], [-0.6325336724084833], [-0.5161605893645996]], "center": [-1.7170957750571172, -0.6350551070461047, 0.338046807666145], "rotation": [[0.6865846880846873, 0.3792013519848465, -0.6203287843881802], [-0.5316721736070275, 0.8438300260702751, -0.07263323560339144], [0.49590943316258024, 0.3796804205580049, 0.7809715822904602]]}, "ToolBlack41.jpg": {"angles": [[-0.13935257254784594], [0.5661454509384244], [0.4968207377141157]], "center": [1.1193638661929082, -0.1668882315092776, 0.8565380151747058], "rotation": [[0.729926812499563, -0.48719519548335694, 0.4794243317690096], [0.4120844179195628, 0.8732585003588242, 0.260011584470678], [-0.5453377677202661, 0.007773869627864828, 0.8381803421990318]]}, "ToolBlack13.jpg": {"angles": [[0.4809181334823018], [-1.1649232119376098], [-1.073688260688958]], "center": [-2.0397340604364174, -1.6997197705175318, 1.576495349653239], "rotation": [[0.006785260855978537, 0.42447312676990523, -0.9054151119156871], [-0.867870781444808, 0.45227964976030866, 0.20553205377038147], [0.4967436632202717, 0.7843887321111087, 0.371456659635593]]}, "ToolBlack2.jpg": {"angles": [[0.1076666211623153], [-0.5211462158123785], [-0.4085458739523632]], "center": [-1.0713508718968714, -0.27861059073206607, 0.00011126451278168826], "rotation": [[0.7888497237328502, 0.3515624166246151, -0.5041031447865272], [-0.4055992194087356, 0.9140468780565149, 0.0027528040545751614], [0.46174168815651695, 0.20229229330896198, 0.8636390689901486]]}, "ToolBlack30.jpg": {"angles": [[0.07109715030340695], [-0.1359197556707398], [-0.17964782345986816]], "center": [-0.9327274326194812, -0.19647396670840098, 0.052203776625722786], "rotation": [[0.9747440134166178, 0.17317235779271622, -0.14101575374750197], [-0.1827910114128102, 0.9814225576484353, -0.058285585572126465], [0.12830258943274106, 0.08258993785755789, 0.9882901131295093]]}, "ToolBlack27.jpg": {"angles": [[0.12069657374569633], [-0.42447787209997645], [-0.37972198565394105]], "center": [-1.2883943801886344, -0.41784153643893684, 0.13366084304895362], "rotation": [[0.8423443229921401, 0.33373111641068115, -0.423177957202633], [-0.38353332362108045, 0.9228386220014815, -0.03565203240454021], [0.37862677030960273, 0.19233413550820147, 0.9053448785535997]]}, "ToolBlack10.jpg": {"angles": [[0.3858425346304026], [-0.907703043044061], [-0.8441549937013574]], "center": [-1.897360510208442, -1.1859383525630574, 1.0000752220851516], "rotation": [[0.3337580000170468, 0.47436995294410406, -0.8146034281590212], [-0.7780924634545505, 0.626462406620202, 0.046010557558604934], [0.5321444500695747, 0.6184803964843455, 0.5781905251945216]]}, "ToolBlack7.jpg": {"angles": [[0.26810870400902076], [-0.7455914437646077], [-0.6586764522148846]], "center": [-1.867431525695533, -0.842986787799738, 0.5433440167352361], "rotation": [[0.5473812593739364, 0.4567480526489431, -0.7012524319299018], [-0.6395765546817104, 0.7687260286593041, 0.0014572450610438122], [0.5397365909290164, 0.4477069457391666, 0.712911567551846]]}, "ToolBlack32.jpg": {"angles": [[0.00552106150814773], [-0.05202254275427429], [-0.06318896725690078]], "center": [-0.35140607666013635, -0.06150894618675218, 0.0868393089001041], "rotation": [[0.9966522827831679, 0.06297458828000568, -0.05213855055584303], [-0.0632616468999671, 0.9979894640486433, -0.0038721672749963067], [0.05178987598560468, 0.007157574929083128, 0.9986323537050711]]}, "ToolBlack16.jpg": {"angles": [[0.45121012505523583], [-1.2403369393821129], [-1.067770889645653]], "center": [-1.9219505613728383, -1.640481653071356, 1.4794226134641495], "rotation": [[-0.04697835223869538, 0.4051444011583189, -0.9130449324272077], [-0.8426495290466831, 0.474775331670524, 0.25402786389399723], [0.5364091774180791, 0.7813106927767028, 0.31909057606649666]]}, "ToolBlack1.jpg": {"angles": [[0.08395189426117906], [-0.45096532343264395], [-0.3889751984017969]], "center": [-0.9195525446755007, -0.1908860992239238, -0.08012466546842388], "rotation": [[0.8279457284822644, 0.3475797745388737, -0.44010699951202564], [-0.38431163279205793, 0.9231831849981077, 0.006113578121856433], [0.4084243376546931, 0.16407652869394632, 0.8979245253043653]]}, "ToolBlack26.jpg": {"angles": [[0.14083467260135923], [-0.44840568244639517], [-0.41959660924545694]], "center": [-1.3528180458310268, -0.2379888366245846, -0.06038315545472915], "rotation": [[0.8175913246348532, 0.3618369523859755, -0.4479045051903981], [-0.422926412314758, 0.905249711651851, -0.040696551706600304], [0.39073990792903834, 0.2227037930576621, 0.8931547149902623]]}, "ToolBlack12.jpg": {"angles": [[0.5144992818370236], [-1.1455263657185666], [-1.0335076771557017]], "center": [-1.8020114002100551, -1.6946027599251834, 1.6707224137300032], "rotation": [[0.05009022075383535, 0.39929312744338386, -0.9154539683464776], [-0.8696830103163614, 0.46811392757771236, 0.1565912270047078], [0.491062553400179, 0.7883110738688439, 0.37070637904390913]]}, "ToolBlack9.jpg": {"angles": [[0.3225997935111013], [-0.8676012028193755], [-0.8027404398362917]], "center": [-1.9747038126403855, -1.1375629174485793, 0.875387046703908], "rotation": [[0.3845700933079227, 0.4931531081111569, -0.7803241988388167], [-0.7397331096938208, 0.6703038556117432, 0.05905647783893702], [0.5521782047091729, 0.5545202909834199, 0.6225804985155076]]}, "ToolBlack36.jpg": {"angles": [[-0.08642647857882187], [0.22771391312670228], [0.2042995598978929]], "center": [0.5512116908329857, 0.12785234056838496, 0.24200956417081215], "rotation": [[0.9535968123481099, -0.2106334326256045, 0.2151433860007752], [0.19111810877290766, 0.9756025891019671, 0.10804377185476967], [-0.232652074950108, -0.06191239938730696, 0.9705873823739498]]}, "ToolBlack42.jpg": {"angles": [[-0.14551896563639385], [0.5775515840386525], [0.5059295440628073]], "center": [1.1117551360130604, -0.21769842589194455, 0.9647191921271366], "rotation": [[0.7199339119375043, -0.49591039252613894, 0.4855595174918649], [0.4160567752003819, 0.8683399020368249, 0.2699677283316217], [-0.5555105059782585, 0.007661404260852939, 0.8314742212675815]]}, "ToolBlack23.jpg": {"angles": [[0.2550511918035329], [-0.615959057467187], [-0.5245011939517105]], "center": [-1.5762654812390826, -0.6847261080208963, 0.48449611773220275], "rotation": [[0.6919049640345347, 0.3898724131196697, -0.6076734503272417], [-0.5377762914475267, 0.8398805185772491, -0.07346682837414295], [0.4817304029239943, 0.3776244377720497, 0.790781640464692]]}, "ToolBlack17.jpg": {"angles": [[0.3868413706856516], [-0.9308549948268046], [-0.8490119906783211]], "center": [-1.8581979995560312, -1.3325837745010167, 1.2219295287083505], "rotation": [[0.31477384653604346, 0.4682643366780092, -0.8256185175566302], [-0.7791612922073557, 0.6242282385532348, 0.056980583697339625], [0.5420563681598687, 0.6253539935014648, 0.5613441694264786]]}, "ToolBlack15.jpg": {"angles": [[0.42572508388738317], [-1.2162290734396912], [-1.072503333306191]], "center": [-2.174307236682353, -1.744208074011998, 1.4732946666619875], "rotation": [[-0.03423956330270481, 0.432492541131993, -0.900987155385709], [-0.8398038419341242, 0.4762853464253792, 0.26054131314081697], [0.5418091540178376, 0.7655732954104708, 0.34690109538141733]]}, "ToolBlack5.jpg": {"angles": [[0.20544375614289762], [-0.7253198235265111], [-0.5665176713091357]], "center": [-1.5301389299376529, -0.5557926720242431, 0.23003863761442367], "rotation": [[0.6069526633174087, 0.4170650135717187, -0.6765096000400336], [-0.5553573078350177, 0.8314879998159977, 0.014351543339748307], [0.5684951408113754, 0.36699384275000213, 0.7362939591341497]]}, "ToolBlack4.jpg": {"angles": [[0.17706078097404068], [-0.6538734175520551], [-0.5247974023940206]], "center": [-1.3983468006695317, -0.5048869548511946, 0.19164954759568215], "rotation": [[0.6695071311964359, 0.4084561937904536, -0.62042222641628], [-0.5173180731779139, 0.8557776673754646, 0.005157051958185849], [0.5330499155244366, 0.3175029476644654, 0.784251022175787]]}, "ToolBlack35.jpg": {"angles": [[-0.05025143745436971], [0.14447226476580938], [0.12439158967686778]], "center": [0.18813230732151542, -0.003987916316736649, 0.20119808104766612], "rotation": [[0.9818860379924804, -0.12720551597913277, 0.14042280833223617], [0.11996906313507809, 0.9910298755435559, 0.05888301682671919], [-0.14665344280282339, -0.040970019338616895, 0.9883391246072739]]}, "ToolBlack22.jpg": {"angles": [[0.30536883784088226], [-0.770424391963175], [-0.6653536203084314]], "center": [-1.7737545333994782, -0.9714623003936315, 0.7621402387436401], "rotation": [[0.528844297895466, 0.44001897088114234, -0.7257458328148718], [-0.6539555200153879, 0.7563194124100807, -0.01797565723621044], [0.5409860316356191, 0.48411181732774355, 0.6877280435599339]]}, "ToolBlack37.jpg": {"angles": [[-0.07523045049056962], [0.2865987286244964], [0.30158397405332893]], "center": [0.5002712079270611, 0.05946416648728636, 0.3488925313013824], "rotation": [[0.9147356631500871, -0.30330002229081243, 0.26696022744926406], [0.28205833402254277, 0.9524090365299961, 0.11558599977692897], [-0.28931256932563065, -0.030432279152196387, 0.9567508106167483]]}, "ToolBlack28.jpg": {"angles": [[0.09575781681556389], [-0.22658216677389623], [-0.2438324066504183]], "center": [-0.9028585464995125, -0.23647316838256063, 0.11414580202863095], "rotation": [[0.9451547288938842, 0.22824592167484364, -0.2336371924337594], [-0.24972689704447426, 0.9660297443076308, -0.06650571408136417], [0.21052081926039273, 0.12120368126313137, 0.9700467268674218]]}, "ToolBlack34.jpg": {"angles": [[0.004873577261806182], [-0.0009538072017750973], [-0.0005166008532746929]], "center": [-0.008136980373937917, 0.010981671917462117, 0.12595862282533313], "rotation": [[0.9999994116889123, 0.0005142744852263821, -0.0009550620834454415], [-0.0005189229286606159, 0.9999879907090634, -0.004873310645168542], [0.0009525443945036352, 0.004873803381759248, 0.9999876692738628]]}, "ToolBlack33.jpg": {"angles": [[-0.012536918345072675], [0.07035147111744454], [0.034186557461968685]], "center": [-0.00820204302354641, 0.005975002903747835, 0.15270179666163625], "rotation": [[0.9969425742381257, -0.034591578718729865, 0.07006373065434886], [0.033710049197521595, 0.9993373990898553, 0.013725719049429048], [-0.07049210065361865, -0.01132190187508711, 0.9974480830015019]]}, "ToolBlack11.jpg": {"angles": [[0.3881842802699148], [-0.9935535854450394], [-0.9254783207330803]], "center": [-1.9098842600989179, -1.3551541435789238, 1.1508235580592303], "rotation": [[0.2215445444471709, 0.4842678018753141, -0.8464057601957509], [-0.8099638127331086, 0.5747271126400103, 0.11682195024618643], [0.543025447735685, 0.6596767708986941, 0.51956705154208]]}, "ToolBlack39.jpg": {"angles": [[-0.09528445593436635], [0.35369763935279835], [0.3490728101803235]], "center": [0.7858671480709332, 0.041686760893444606, 0.4315775071890896], "rotation": [[0.8791352086465695, -0.3508611145090722, 0.32251784949581386], [0.3178721847346406, 0.9359194332121702, 0.15169735893494188], [-0.3550754273249266, -0.030843035863251274, 0.93432871520079]]}, "ToolBlack38.jpg": {"angles": [[-0.09117071837378782], [0.36897138201889607], [0.36381321053640703]], "center": [0.8107331446593413, 0.08579424405173759, 0.47451758690709483], "rotation": [[0.8688184335057997, -0.36369461341825915, 0.3359773173460842], [0.3308240849376352, 0.931271516279372, 0.15260664399656967], [-0.3683883201537539, -0.021438076808857152, 0.9294247976232572]]}, "ToolBlack14.jpg": {"angles": [[0.43438125908618164], [-1.2602978499185857], [-1.1144178849944801]], "center": [-2.144492805408233, -1.8226367194244035, 1.5589568889557612], "rotation": [[-0.09307677686198158, 0.42106244914182717, -0.9022433859728045], [-0.8439217225478476, 0.4474849015366009, 0.2958942194579885], [0.52833023746598, 0.788963672686813, 0.31369329505055815]]}, "ToolBlack3.jpg": {"angles": [[0.14346897783877688], [-0.5804225368113909], [-0.4412022330861935]], "center": [-1.2427886192277215, -0.3537329458813505, 0.0523799689850059], "rotation": [[0.746230870503765, 0.36195256628947853, -0.5586858040649088], [-0.44146355491546774, 0.8972401563024012, -0.008368488503935696], [0.49824634227316783, 0.2528842456043938, 0.8293371695134047]]}, "ToolBlack19.jpg": {"angles": [[0.343723669706511], [-0.8761716972963044], [-0.7605834495346966]], "center": [-2.2400967821132416, -1.188877558164728, 0.7973777868390585], "rotation": [[0.40514556226042103, 0.45500829321312686, -0.7929845688838872], [-0.7211674308149252, 0.6921658063882925, 0.028705978447786926], [0.5619382618335287, 0.5602445444394099, 0.6085650666226173]]}, "ToolBlack31.jpg": {"angles": [[0.02867506608534781], [-0.04943493975981497], [-0.08062875879539373]], "center": [-0.454160734903915, 0.02804984914985997, -0.04811764452160319], "rotation": [[0.9955312339989536, 0.07978937338114062, -0.050509583525955144], [-0.08120577014534033, 0.9963413512312462, -0.026637092968200708], [0.048199429743749696, 0.030619727662723327, 0.9983682923902572]]}, "ToolBlack40.jpg": {"angles": [[-0.12806178539821375], [0.42748910273968477], [0.38456217235444534]], "center": [0.8017129480362678, -0.07338602326985347, 0.5667356168684603], "rotation": [[0.8394084486514771, -0.3892922133779609, 0.37926907194735604], [0.3361121967633041, 0.9202043141959192, 0.2006305343714259], [-0.42710894104369496, -0.04093400467222995, 0.9032731368429083]]}}