0.9583187090340782 0.19532224142682003 -0.2085053330715085 -0.21391762395584582 0.9743049917967532 -0.07049136912426826 0.18937925460921795 0.11215616328999282 0.9754775717358782
0.6069526633174087 0.4170650135717187 -0.6765096000400336 -0.5553573078350177 0.8314879998159977 0.014351543339748307 0.5684951408113754 0.36699384275000213 0.7362939591341497
0.8279457284822644 0.3475797745388737 -0.44010699951202564 -0.38431163279205793 0.9231831849981077 0.006113578121856433 0.4084243376546931 0.16407652869394632 0.8979245253043653
0.8423443229921401 0.33373111641068115 -0.423177957202633 -0.38353332362108045 0.9228386220014815 -0.03565203240454021 0.37862677030960273 0.19233413550820147 0.9053448785535997
0.9747440134166178 0.17317235779271622 -0.14101575374750197 -0.1827910114128102 0.9814225576484353 -0.058285585572126465 0.12830258943274106 0.08258993785755789 0.9882901131295093
0.9451547288938842 0.22824592167484364 -0.2336371924337594 -0.24972689704447426 0.9660297443076308 -0.06650571408136417 0.21052081926039273 0.12120368126313137 0.9700467268674218
0.2215445444471709 0.4842678018753141 -0.8464057601957509 -0.8099638127331086 0.5747271126400103 0.11682195024618643 0.543025447735685 0.6596767708986941 0.51956705154208
-0.04697835223869538 0.4051444011583189 -0.9130449324272077 -0.8426495290466831 0.474775331670524 0.25402786389399723 0.5364091774180791 0.7813106927767028 0.31909057606649666
0.8688184335057997 -0.36369461341825915 0.3359773173460842 0.3308240849376352 0.931271516279372 0.15260664399656967 -0.3683883201537539 -0.021438076808857152 0.9294247976232572
0.5039231564388917 0.4783149024271847 -0.7192192339758003 -0.6921022131879556 0.7217828483517221 -0.004903705293797223 0.5167745919692627 0.5002443142518939 0.6947658937754894
0.9969425742381257 -0.034591578718729865 0.07006373065434886 0.033710049197521595 0.9993373990898553 0.013725719049429048 -0.07049210065361865 -0.01132190187508711 0.9974480830015019
0.6695071311964359 0.4084561937904536 -0.62042222641628 -0.5173180731779139 0.8557776673754646 0.005157051958185849 0.5330499155244366 0.3175029476644654 0.784251022175787
0.4761193177343793 0.46216705003461495 -0.7481390332969207 -0.6769362110657525 0.7356615240104027 0.023653503728513353 0.5613089714480718 0.49518051249316497 0.663120274625135
0.7199339119375043 -0.49591039252613894 0.4855595174918649 0.4160567752003819 0.8683399020368249 0.2699677283316217 -0.5555105059782585 0.007661404260852939 0.8314742212675815
0.6919049640345347 0.3898724131196697 -0.6076734503272417 -0.5377762914475267 0.8398805185772491 -0.07346682837414295 0.4817304029239943 0.3776244377720497 0.790781640464692
0.8394084486514771 -0.3892922133779609 0.37926907194735604 0.3361121967633041 0.9202043141959192 0.2006305343714259 -0.42710894104369496 -0.04093400467222995 0.9032731368429083
0.729926812499563 -0.48719519548335694 0.4794243317690096 0.4120844179195628 0.8732585003588242 0.260011584470678 -0.5453377677202661 0.007773869627864828 0.8381803421990318
0.9147356631500871 -0.30330002229081243 0.26696022744926406 0.28205833402254277 0.9524090365299961 0.11558599977692897 -0.28931256932563065 -0.030432279152196387 0.9567508106167483
0.746230870503765 0.36195256628947853 -0.5586858040649088 -0.44146355491546774 0.8972401563024012 -0.008368488503935696 0.49824634227316783 0.2528842456043938 0.8293371695134047
0.9535968123481099 -0.2106334326256045 0.2151433860007752 0.19111810877290766 0.9756025891019671 0.10804377185476967 -0.232652074950108 -0.06191239938730696 0.9705873823739498
0.9966522827831679 0.06297458828000568 -0.05213855055584303 -0.0632616468999671 0.9979894640486433 -0.0038721672749963067 0.05178987598560468 0.007157574929083128 0.9986323537050711
0.528844297895466 0.44001897088114234 -0.7257458328148718 -0.6539555200153879 0.7563194124100807 -0.01797565723621044 0.5409860316356191 0.48411181732774355 0.6877280435599339
0.7901359461399162 0.34854772886384144 -0.5041821767193259 -0.43829969652287176 0.8963090130827492 -0.06725718619290147 0.4284606897319029 0.27412521549555807 0.8609743338706305
0.31477384653604346 0.4682643366780092 -0.8256185175566302 -0.7791612922073557 0.6242282385532348 0.056980583697339625 0.5420563681598687 0.6253539935014648 0.5613441694264786
0.3845700933079227 0.4931531081111569 -0.7803241988388167 -0.7397331096938208 0.6703038556117432 0.05905647783893702 0.5521782047091729 0.5545202909834199 0.6225804985155076
0.9955312339989536 0.07978937338114062 -0.050509583525955144 -0.08120577014534033 0.9963413512312462 -0.026637092968200708 0.048199429743749696 0.030619727662723327 0.9983682923902572
0.5890666636985548 0.44403553861373546 -0.6751539870037528 -0.6015018021348378 0.7988712202403132 0.0005962384551247763 0.5396258405113642 0.405755115703749 0.7376765811198299
0.9999994116889123 0.0005142744852263821 -0.0009550620834454415 -0.0005189229286606159 0.9999879907090634 -0.004873310645168542 0.0009525443945036352 0.004873803381759248 0.9999876692738628
0.8175913246348532 0.3618369523859755 -0.4479045051903981 -0.422926412314758 0.905249711651851 -0.040696551706600304 0.39073990792903834 0.2227037930576621 0.8931547149902623
0.3337580000170468 0.47436995294410406 -0.8146034281590212 -0.7780924634545505 0.626462406620202 0.046010557558604934 0.5321444500695747 0.6184803964843455 0.5781905251945216
0.8791352086465695 -0.3508611145090722 0.32251784949581386 0.3178721847346406 0.9359194332121702 0.15169735893494188 -0.3550754273249266 -0.030843035863251274 0.93432871520079
0.5473812593739364 0.4567480526489431 -0.7012524319299018 -0.6395765546817104 0.7687260286593041 0.0014572450610438122 0.5397365909290164 0.4477069457391666 0.712911567551846
0.9818860379924804 -0.12720551597913277 0.14042280833223617 0.11996906313507809 0.9910298755435559 0.05888301682671919 -0.14665344280282339 -0.040970019338616895 0.9883391246072739
0.7888497237328502 0.3515624166246151 -0.5041031447865272 -0.4055992194087356 0.9140468780565149 0.0027528040545751614 0.46174168815651695 0.20229229330896198 0.8636390689901486
0.6865846880846873 0.3792013519848465 -0.6203287843881802 -0.5316721736070275 0.8438300260702751 -0.07263323560339144 0.49590943316258024 0.3796804205580049 0.7809715822904602
