camera_matrix:
- [1.4601534537511686e+03, 0., 9.6362200665513319e+02]
- [0.,1.4538130382609759e+03, 5.2198078810803031e+02]
- [0.0, 0.0, 1.0]
dist_coeff:
- [-1.4692367899902173e-01, 1.0279137874818033e-01, -8.9502161725470882e-03, -1.5636111348783699e-03,
2.2494165904199798e-01]
